"Time (s)","X (m/s^2)","Y (m/s^2)","Z (m/s^2)"
-1.843208331E-3,1.148112488E-1,2.249821472E-1,9.829309845E0
8.218791671E-3,1.094224548E-1,2.306703186E-1,9.851613464E0
1.827179167E-2,1.103205872E-1,2.484832764E-1,9.856553192E0
2.832779167E-2,1.203497314E-1,2.667453003E-1,9.813143463E0
3.838279167E-2,1.477427673E-1,2.821632385E-1,9.853559418E0
4.843779167E-2,1.495390320E-1,2.956352234E-1,9.886940002E0
5.849279167E-2,1.348695374E-1,2.755769348E-1,9.850116577E0
6.854879167E-2,9.999206543E-2,2.435435486E-1,9.857900391E0
7.860379167E-2,8.337661743E-2,2.155517578E-1,9.838590546E0
8.865879167E-2,8.337661743E-2,1.830693054E-1,9.845925293E0
9.871379167E-2,1.073268127E-1,1.776805115E-1,9.836644592E0
1.087687917E-1,1.357676697E-1,2.058219910E-1,9.827214203E0
1.188247917E-1,1.627116394E-1,2.342628479E-1,9.856553192E0
1.288797917E-1,1.631607056E-1,2.604583740E-1,9.852361908E0
1.389347917E-1,1.459465027E-1,2.859054565E-1,9.872270508E0
1.489897917E-1,1.121168518E-1,2.761756897E-1,9.855804749E0
1.590457917E-1,8.756790161E-2,2.507286072E-1,9.839338989E0
1.691007917E-1,7.424560547E-2,2.323168945E-1,9.840985565E0
1.791557917E-1,9.101074219E-2,2.071691895E-1,9.838740234E0
1.892107917E-1,1.169068909E-1,2.002835083E-1,9.833052063E0
1.992667917E-1,1.374142456E-1,2.128573608E-1,9.846673737E0
2.093217917E-1,1.279838562E-1,2.318678284E-1,9.867480469E0
2.193767917E-1,1.095721436E-1,2.460882568E-1,9.863887939E0
2.294317917E-1,1.007405090E-1,2.586621094E-1,9.857301636E0
2.394867917E-1,8.008346558E-2,2.631527710E-1,9.854457550E0
2.495427917E-1,8.547225952E-2,2.567161560E-1,9.844428406E0
2.595977917E-1,1.010398865E-1,2.401007080E-1,9.836644592E0
2.696527917E-1,1.365161133E-1,2.398013306E-1,9.839338989E0
2.797077917E-1,1.579216003E-1,2.406994629E-1,9.853559418E0
2.897637917E-1,1.589694214E-1,2.459385681E-1,9.852361908E0
2.998187917E-1,1.636097717E-1,2.366578674E-1,9.869127045E0
3.098737917E-1,1.513352966E-1,2.303709412E-1,9.862840118E0
3.199287917E-1,1.311273193E-1,2.243833923E-1,9.861941986E0
3.299847917E-1,1.097218323E-1,2.192939758E-1,9.848170624E0
3.400397917E-1,1.127156067E-1,2.095642090E-1,9.853559418E0
3.500947917E-1,1.194515991E-1,2.050735474E-1,9.837692413E0
3.601497917E-1,1.345701599E-1,2.094145203E-1,9.854607239E0
3.702047917E-1,1.448986816E-1,2.284249878E-1,9.844428406E0
3.802607917E-1,1.354682922E-1,2.507286072E-1,9.863438873E0
3.903157917E-1,1.269360352E-1,2.755769348E-1,9.876910858E0
4.003707917E-1,1.041833496E-1,2.992277527E-1,9.851912842E0
4.104257917E-1,8.397537231E-2,2.942880249E-1,9.854158173E0
4.204817917E-1,7.798782349E-2,2.661465454E-1,9.858349457E0
4.305367917E-1,7.813751221E-2,2.335144043E-1,9.831854553E0
4.405917917E-1,9.535171509E-2,1.971400452E-1,9.847272491E0
4.506467917E-1,1.095721436E-1,1.806742859E-1,9.842033386E0
4.607027917E-1,1.169068909E-1,1.986369324E-1,9.854158173E0
4.707577917E-1,1.297801208E-1,2.234852600E-1,9.902208252E0
4.808127917E-1,1.285826111E-1,2.574645996E-1,9.871222687E0
4.908677917E-1,1.194515991E-1,2.655477905E-1,9.853260040E0
5.009237917E-1,1.073268127E-1,2.871029663E-1,9.864187317E0
5.109787917E-1,1.022373962E-1,2.890489197E-1,9.854607239E0
5.210337917E-1,1.170565796E-1,2.754272461E-1,9.803563385E0
5.310887917E-1,1.459465027E-1,2.633024597E-1,9.832602997E0
5.411447917E-1,1.582209778E-1,2.589614868E-1,9.893675995E0
5.511997917E-1,1.564247131E-1,2.519261169E-1,9.859996033E0
5.612547917E-1,1.330732727E-1,2.204914856E-1,9.870623932E0
5.713097917E-1,8.442443848E-2,2.065704346E-1,9.900861053E0
5.813647917E-1,4.984634399E-2,1.826202393E-1,9.834099884E0
5.914207917E-1,5.298980713E-2,1.833686829E-1,9.837842102E0
6.014757917E-1,6.436614990E-2,2.029779053E-1,9.862840118E0
6.115307917E-1,8.756790161E-2,2.342628479E-1,9.822274475E0
6.215857917E-1,1.324745178E-1,2.664459229E-1,9.854607239E0
6.316417917E-1,1.513352966E-1,2.986289978E-1,9.882149963E0
6.416975833E-1,1.570234680E-1,3.183879089E-1,9.864337006E0
6.517525833E-1,1.634600830E-1,3.119512939E-1,9.854008484E0
6.618075833E-1,1.691482544E-1,2.821632385E-1,9.865085449E0
6.718635833E-1,1.664538574E-1,2.433938599E-1,9.851613464E0
6.819185833E-1,1.633103943E-1,2.113604736E-1,9.835447083E0
6.919735833E-1,1.651066589E-1,1.887574768E-1,9.853260040E0
7.020285833E-1,1.547781372E-1,1.951940918E-1,9.868977356E0
7.120845833E-1,1.299298096E-1,1.974394226E-1,9.858798523E0
7.221395833E-1,8.652008057E-2,2.195933533E-1,9.873468018E0
7.321945833E-1,6.676116943E-2,2.350112915E-1,9.870324554E0
7.422495833E-1,4.565505981E-2,2.363584900E-1,9.848470001E0
7.523045833E-1,3.996688843E-2,2.272274780E-1,9.857002258E0
7.623605833E-1,4.700225830E-2,2.225871277E-1,9.841734009E0
7.724155833E-1,5.508544922E-2,2.113604736E-1,9.838740234E0
7.824705833E-1,7.634124756E-2,2.167492676E-1,9.869127045E0
7.925255833E-1,1.101708984E-1,2.336640930E-1,9.868228912E0
8.025815833E-1,1.368154907E-1,2.478845215E-1,9.873468018E0
8.126365833E-1,1.710942078E-1,2.618055725E-1,9.879006500E0
8.226915833E-1,1.805245972E-1,2.945874023E-1,9.869276733E0
8.327465833E-1,1.892065430E-1,3.462300110E-1,9.866881714E0
8.428025833E-1,2.040257263E-1,3.752696228E-1,9.837093658E0
8.528575833E-1,2.010319519E-1,3.049159241E-1,9.739646301E0
8.629125833E-1,1.788780212E-1,2.185455322E-1,9.917476501E0
8.729675833E-1,1.624122620E-1,1.495390320E-1,9.871522064E0
8.830235833E-1,1.522334290E-1,1.058299255E-1,9.784403229E0
8.930785833E-1,1.237925720E-1,1.119671631E-1,9.893526306E0
9.031335833E-1,9.280700684E-2,1.305285645E-1,9.901459808E0
9.131885833E-1,8.592132568E-2,1.694476318E-1,9.841135254E0
9.232445833E-1,8.173004150E-2,2.427951050E-1,9.858499146E0
9.332995833E-1,9.370513916E-2,2.954855347E-1,9.858798523E0
9.433545833E-1,1.011895752E-1,3.150947571E-1,9.823471985E0
9.534095833E-1,1.187031555E-1,3.243754578E-1,9.821526031E0
9.634645833E-1,1.414558411E-1,3.068618774E-1,9.874366150E0
9.735205833E-1,1.643582153E-1,2.691403198E-1,9.852212219E0
9.835755833E-1,1.808239746E-1,2.073188782E-1,9.858199768E0
9.936305833E-1,1.742376709E-1,1.844165039E-1,9.896520081E0
1.003685583E0,1.706451416E-1,1.613644409E-1,9.856253815E0
1.013741583E0,1.556762695E-1,1.669029236E-1,9.852511597E0
1.023796583E0,1.191522217E-1,1.835183716E-1,9.870025177E0
1.033851583E0,7.873626709E-2,2.145039368E-1,9.869576111E0
1.043906583E0,6.855743408E-2,2.591111755E-1,9.843380585E0
1.053962583E0,4.370910645E-2,2.978805542E-1,9.850116577E0
1.064017583E0,3.981719971E-2,3.176394653E-1,9.853409729E0
1.074072583E0,6.182144165E-2,2.903961182E-1,9.835447083E0
1.084127583E0,8.921447754E-2,2.734812927E-1,9.855505371E0
1.094183583E0,1.272354126E-1,2.549198914E-1,9.862840118E0
1.104238583E0,1.570234680E-1,2.275268555E-1,9.846673737E0
1.114293583E0,1.815724182E-1,1.923500061E-1,9.859996033E0
1.124348583E0,1.911524963E-1,1.758842468E-1,9.865384827E0
1.134404583E0,1.830693054E-1,1.868115234E-1,9.867630157E0
1.144459583E0,1.697470093E-1,2.074685669E-1,9.862690430E0
1.154514583E0,1.432521057E-1,2.242337036E-1,9.852361908E0
1.164569583E0,1.121168518E-1,2.465373230E-1,9.866732025E0
1.174625583E0,8.427474976E-2,2.627037048E-1,9.849966888E0
1.184680583E0,6.930587769E-2,2.815644836E-1,9.840536499E0
1.194735583E0,5.613327026E-2,2.869532776E-1,9.856553192E0
1.204790583E0,6.361770630E-2,2.682421875E-1,9.849068756E0
1.214845583E0,8.637039185E-2,2.375559998E-1,9.861343231E0
1.224901583E0,1.151106262E-1,2.248324585E-1,9.869875488E0
1.234956583E0,1.282832336E-1,2.204914856E-1,9.850865021E0
1.245011583E0,1.483415222E-1,2.094145203E-1,9.849517822E0
1.255066583E0,1.633103943E-1,2.142045593E-1,9.863438873E0
1.265122583E0,1.654060364E-1,2.191442871E-1,9.847272491E0
1.275177583E0,1.466949463E-1,2.369572449E-1,9.846973114E0
1.285232583E0,1.215472412E-1,2.520758057E-1,9.861043854E0
1.295287583E0,1.055305481E-1,2.592608643E-1,9.850715332E0
1.305343583E0,9.116043091E-2,2.647993469E-1,9.847571869E0
1.315398583E0,8.696914673E-2,2.619552612E-1,9.854158173E0
1.325453583E0,8.846603394E-2,2.438429260E-1,9.859546967E0
1.335508583E0,1.037342834E-1,2.257305908E-1,9.843679962E0
1.345564583E0,1.306782532E-1,2.185455322E-1,9.858050079E0
1.355619583E0,1.555265808E-1,1.975891113E-1,9.856852570E0
1.365674583E0,1.624122620E-1,2.002835083E-1,9.862241364E0
1.375729583E0,1.597178650E-1,2.143542480E-1,9.870923309E0
1.385785583E0,1.410067749E-1,2.261796570E-1,9.857750702E0
1.395840583E0,1.176553345E-1,2.538720703E-1,9.829459534E0
1.405895583E0,1.097218323E-1,2.582130432E-1,9.870773621E0
1.415950583E0,1.025367737E-1,2.607577515E-1,9.895172882E0
1.426006583E0,9.086105347E-2,2.652484131E-1,9.866432648E0
1.436061583E0,9.235794067E-2,2.698887634E-1,9.836045837E0
1.446116583E0,9.131011963E-2,2.541714478E-1,9.832752686E0
1.456171583E0,1.038839722E-1,2.306703186E-1,9.833501129E0
1.466226583E0,1.239422607E-1,2.239343262E-1,9.823921051E0
1.476282583E0,1.402583313E-1,2.038760376E-1,9.878407745E0
1.486337583E0,1.445993042E-1,2.052232361E-1,9.871522064E0
1.496392583E0,1.389111328E-1,2.097138977E-1,9.849817200E0
1.506447583E0,1.281335449E-1,2.312690735E-1,9.862989807E0
1.516503583E0,1.266366577E-1,2.484832764E-1,9.834548950E0
1.526558583E0,1.185534668E-1,2.483335876E-1,9.846374359E0
1.536613583E0,1.160087585E-1,2.624043274E-1,9.866732025E0
1.546668583E0,1.071771240E-1,2.564167786E-1,9.854607239E0
1.556724583E0,1.080752563E-1,2.411485291E-1,9.859846344E0
1.566779583E0,1.187031555E-1,2.360591125E-1,9.848619690E0
1.576834583E0,1.306782532E-1,2.272274780E-1,9.846224670E0
1.586889583E0,1.422042847E-1,2.160008240E-1,9.840985565E0
1.596945583E0,1.445993042E-1,2.157014465E-1,9.880802765E0
1.607000583E0,1.323248291E-1,2.251318359E-1,9.875713348E0
1.617055583E0,1.252894592E-1,2.308200073E-1,9.844578094E0
1.627110583E0,1.089733887E-1,2.423460388E-1,9.858050079E0
1.637166583E0,9.699829102E-2,2.583627319E-1,9.852810974E0
1.647220917E0,1.031355286E-1,2.727328491E-1,9.840985565E0
1.657275917E0,1.026864624E-1,2.659968567E-1,9.854607239E0
1.667330917E0,1.065783691E-1,2.624043274E-1,9.849817200E0
1.677385917E0,1.061293030E-1,2.445913696E-1,9.842332764E0
1.687441917E0,1.136137390E-1,2.335144043E-1,9.856702881E0
1.697496917E0,1.257385254E-1,2.276765442E-1,9.855056305E0
1.707551917E0,1.371148682E-1,2.118095398E-1,9.862091675E0
1.717606917E0,1.396595764E-1,2.136058044E-1,9.861492920E0
1.727662917E0,1.239422607E-1,2.290237427E-1,9.857151947E0
1.737717917E0,1.230441284E-1,2.281256104E-1,9.848320312E0
1.747772917E0,1.245410156E-1,2.468367004E-1,9.846673737E0
1.757827917E0,1.088237000E-1,2.523751831E-1,9.868378601E0
1.767883917E0,1.100212097E-1,2.585124207E-1,9.864636383E0
1.777938917E0,1.016386414E-1,2.525248718E-1,9.852661285E0
1.787993917E0,1.043330383E-1,2.489323425E-1,9.856852570E0
1.798048917E0,1.103205872E-1,2.415975952E-1,9.857002258E0
1.808104917E0,1.109193420E-1,2.258802795E-1,9.862989807E0
1.818159917E0,1.200503540E-1,2.173480225E-1,9.879006500E0
1.828214917E0,1.143621826E-1,2.203417969E-1,9.855804749E0
1.838269917E0,1.106199646E-1,2.243833923E-1,9.855954437E0
1.848325917E0,1.149609375E-1,2.384541321E-1,9.843829651E0
1.858380917E0,1.100212097E-1,2.472857666E-1,9.839488678E0
1.868435917E0,1.068777466E-1,2.507286072E-1,9.861193542E0
1.878490917E0,1.079255676E-1,2.616558838E-1,9.855655060E0
1.888546917E0,1.185534668E-1,2.531236267E-1,9.865534515E0
1.898601917E0,1.206491089E-1,2.389031982E-1,9.851014709E0
1.908656917E0,1.239422607E-1,2.255809021E-1,9.879006500E0
1.918711917E0,1.329235840E-1,2.351609802E-1,9.874066772E0
1.928766917E0,1.243913269E-1,2.284249878E-1,9.839488678E0
1.938822917E0,1.329235840E-1,2.248324585E-1,9.884994049E0
1.948877917E0,1.363664246E-1,2.249821472E-1,9.926906891E0
1.958932917E0,1.369651794E-1,2.336640930E-1,9.977202301E0
1.968987917E0,1.315763855E-1,1.568737793E-1,9.925559692E0
1.979043917E0,2.492317200E-1,-1.856140137E-2,9.731263733E0
1.989098917E0,4.852908325E-1,-1.013392639E-1,9.699529724E0
1.999153917E0,5.990542603E-1,-9.580078125E-2,9.849966888E0
2.009208917E0,6.987469482E-1,1.137634277E-2,9.915081482E0
2.019264917E0,6.631210327E-1,3.107537842E-1,9.888736267E0
2.029319917E0,5.400769043E-1,6.830296326E-1,9.846973114E0
2.039374917E0,3.523672485E-1,8.975335693E-1,9.815388794E0
2.049429917E0,-1.929487610E-1,6.514453125E-1,1.004426285E1
2.059485917E0,-1.565594330E0,5.984555054E-1,9.686806183E0
2.069540917E0,-1.561103668E0,3.435356140E-1,9.776020660E0
2.079595917E0,-1.278341675E-1,3.532653809E-1,1.005698639E1
2.089650917E0,-3.094065857E-1,1.273851013E-1,9.812993774E0
2.099706917E0,-5.197192383E-1,6.436614990E-2,9.887538757E0
2.109761917E0,-2.544708252E-1,1.971400452E-1,1.000848724E1
2.119816917E0,1.107696533E-1,2.567161560E-1,1.019829254E1
2.129871917E0,1.060544586E0,4.328997803E-1,1.052446426E1
2.139926917E0,9.726773071E-1,4.936734009E-1,1.044018951E1
2.149982917E0,-1.120420074E0,1.087787933E0,1.065933380E1
2.160037917E0,-2.146087189E0,2.168091431E0,1.008976822E1
2.170092917E0,-1.298399963E0,2.120490417E0,9.666298828E0
2.180147917E0,-5.119354248E-2,1.491199036E0,9.527387695E0
2.190203917E0,9.473799133E-1,4.956193542E-1,9.606872406E0
2.200258917E0,1.762584686E0,-3.436853027E-1,9.840686188E0
2.210313917E0,1.425785065E0,-7.807763672E-1,1.025846741E1
2.220368917E0,-4.930746460E-1,-4.577481079E-1,1.059391983E1
2.230424917E0,-2.496209106E0,5.719606018E-1,1.097891922E1
2.240479917E0,-3.332969055E0,1.339414673E0,1.182301392E1
2.250534917E0,-3.176095276E0,1.737586670E0,1.323517731E1
2.260589917E0,-2.577190704E0,1.960173798E0,1.463925751E1
2.270645917E0,-1.679507446E0,2.071991272E0,1.456471252E1
2.280700917E0,-1.186432800E0,2.747686157E0,1.358350296E1
2.290755917E0,-1.651216278E0,3.483855286E0,1.311063629E1
2.300810917E0,-2.762056274E0,3.909570007E0,1.261681320E1
2.310865917E0,-4.041745148E0,4.495601349E0,1.246472946E1
2.320921917E0,-4.945415955E0,4.968767395E0,1.271470963E1
2.330976917E0,-4.986280975E0,4.523742828E0,1.356314529E1
2.341031917E0,-4.899611206E0,3.648363190E0,1.333382217E1
2.351086917E0,-4.835993500E0,3.208128662E0,1.189875641E1
2.361142917E0,-4.607269135E0,3.149750061E0,1.049811905E1
2.371197917E0,-4.472100220E0,3.019221497E0,9.426497498E0
2.381252917E0,-4.566703491E0,3.134032745E0,8.295150146E0
2.391307917E0,-5.203778687E0,3.968547363E0,7.553292847E0
2.401363917E0,-5.858666840E0,4.920268250E0,7.564070435E0
2.411418917E0,-6.142925720E0,5.564378815E0,7.924371185E0
2.421473917E0,-6.314019928E0,5.579048309E0,9.265731812E0
2.431528917E0,-6.603966980E0,5.180576935E0,1.028496231E1
2.441584917E0,-5.558391266E0,4.367916870E0,9.917775879E0
2.451639917E0,-4.165388031E0,3.924987946E0,7.785909119E0
2.461694917E0,-2.766097870E0,3.338507538E0,5.561983795E0
2.471749917E0,-1.323248291E0,2.673440552E0,4.216282196E0
2.481805917E0,-9.909393311E-1,3.200793915E0,3.478616180E0
2.491860917E0,-2.107317810E0,5.218747559E0,3.263812866E0
2.501915917E0,-3.503015442E0,6.959926758E0,3.640279999E0
2.511970917E0,-4.283043365E0,7.341333618E0,4.683760071E0
2.522025917E0,-4.468208313E0,6.741081848E0,5.991141357E0
2.532081917E0,-3.994593201E0,5.531896362E0,6.948251038E0
2.542136917E0,-2.502496033E0,4.175417175E0,6.636449432E0
2.552191917E0,-1.202449493E0,3.925886078E0,4.648433533E0
2.562246917E0,-3.293151855E-2,3.979474640E0,3.135978699E0
2.572302917E0,4.775070190E-1,3.824696503E0,2.527793427E0
2.582357917E0,9.654922485E-2,4.164789276E0,1.885928192E0
2.592412917E0,-9.433383179E-1,5.258714447E0,1.385967865E0
2.602467917E0,-1.869612122E0,6.713688812E0,1.724414063E0
2.612523917E0,-2.259850616E0,7.734865265E0,2.628533936E0
2.622578917E0,-1.796114960E0,7.562423859E0,3.852239227E0
2.632633917E0,-6.932084656E-1,6.953939209E0,4.325405273E0
2.642689417E0,4.194277954E-1,6.719077606E0,3.834875336E0
2.652745417E0,8.285270691E-1,6.738088074E0,2.788700867E0
2.662800417E0,2.465373230E-1,7.212002563E0,2.769241333E0
2.672855417E0,-5.409750366E-1,8.036787415E0,3.316503296E0
2.682910417E0,-3.719764709E-1,8.502319336E0,3.744163971E0
2.692966417E0,4.879852295E-1,8.567583618E0,3.866459656E0
2.703021417E0,8.152047729E-1,8.377928009E0,3.569028168E0
2.713076417E0,4.098477173E-1,7.835007019E0,3.276087341E0
2.723131417E0,-2.089654541E-1,6.897057495E0,3.112028503E0
2.733186417E0,-1.106049957E0,6.354585571E0,3.278781738E0
2.743242417E0,-1.981429596E0,7.327262878E0,3.309767303E0
2.753297417E0,-1.610500946E0,8.655600586E0,3.880680084E0
2.763352417E0,-9.678872681E-1,9.235345001E0,5.087320862E0
2.773407417E0,-9.154962158E-1,9.379944305E0,5.733826447E0
2.783463417E0,-1.462907867E0,9.455986176E0,5.700445862E0
2.793518417E0,-2.176923065E0,9.164392548E0,5.519172821E0
2.803573417E0,-2.556833038E0,8.693621521E0,5.045408020E0
2.813628417E0,-2.443818054E0,8.399333496E0,4.431833954E0
2.823684417E0,-2.349963226E0,8.386909332E0,4.148323517E0
2.833739417E0,-2.196681976E0,8.737929382E0,4.451892242E0
2.843794417E0,-1.768572235E0,9.267228699E0,5.066963196E0
2.853849417E0,-1.389410706E0,9.428144073E0,5.409600677E0
2.863905417E0,-1.393452301E0,9.190737762E0,5.286706238E0
2.873960417E0,-1.384171600E0,8.786129150E0,4.994813232E0
2.884015417E0,-1.420995026E0,8.695866852E0,4.777465210E0
2.894070417E0,-1.547332306E0,8.998387756E0,4.749024353E0
2.904125417E0,-1.371897125E0,9.070986786E0,5.028642883E0
2.914181417E0,-7.720944214E-1,8.945098572E0,5.011278992E0
2.924236417E0,-8.666976929E-2,8.930429077E0,4.642595673E0
2.934291417E0,2.317181396E-1,8.872798920E0,4.338877258E0
2.944346417E0,2.471360779E-1,8.773106232E0,4.127516785E0
2.954402417E0,-1.927990723E-1,8.734486542E0,3.804039459E0
2.964457417E0,-8.011340332E-1,8.735085297E0,3.540737000E0
2.974512417E0,-9.288185120E-1,8.597521362E0,3.379971313E0
2.984567417E0,-7.911048889E-1,8.274044037E0,3.482059021E0
2.994623417E0,-9.011260986E-1,8.183632050E0,3.571423187E0
3.004678417E0,-1.141226807E0,8.558153229E0,3.446283417E0
3.014733417E0,-8.756790161E-1,8.880582733E0,3.687881012E0
3.024788417E0,-3.037184143E-1,8.965306549E0,4.241429901E0
3.034844417E0,-8.726852417E-2,9.079519043E0,4.706213379E0
3.044899417E0,-5.924679565E-1,9.238488464E0,4.782255249E0
3.054954417E0,-1.194366302E0,9.232051849E0,4.579576721E0
3.065009417E0,-1.409019928E0,8.956923981E0,4.286486206E0
3.075064417E0,-1.141077118E0,8.740623779E0,4.097728729E0
3.085120417E0,-6.426136780E-1,8.677904205E0,4.053720245E0
3.095175417E0,-5.484594727E-1,8.720116425E0,4.021237793E0
3.105230417E0,-7.699987793E-1,8.780590668E0,3.970792694E0
3.115285417E0,-1.022074585E0,8.863817596E0,3.822750549E0
3.125341417E0,-9.250762939E-1,8.906927948E0,3.757486267E0
3.135396417E0,-8.192463684E-1,9.016051025E0,4.023034058E0
3.145451417E0,-7.179071045E-1,9.190737762E0,4.210594025E0
3.155506417E0,-5.830375671E-1,9.295070801E0,4.551734619E0
3.165562417E0,-7.677534485E-1,9.277108154E0,4.819527740E0
3.175617417E0,-8.566685486E-1,9.350156250E0,4.433330841E0
3.185672417E0,-7.182064819E-1,9.406738586E0,4.196972351E0
3.195727417E0,-9.879455566E-1,9.483678589E0,4.489164734E0
3.205783417E0,-1.087039490E0,9.563163300E0,4.605173492E0
3.215838417E0,-8.108638000E-1,9.474248199E0,4.548740845E0
3.225893417E0,-5.680686951E-1,9.344468079E0,4.425097961E0
3.235948417E0,-2.975811768E-1,9.331145782E0,4.238136749E0
3.246003417E0,-3.363505554E-1,9.398356018E0,4.065695343E0
3.256059417E0,-5.099894714E-1,9.422306213E0,4.017944641E0
3.266114417E0,-8.411009216E-1,9.433981934E0,4.200415192E0
3.276169417E0,-1.507365417E0,9.569749603E0,4.652325439E0
3.286224417E0,-1.562001801E0,9.901759186E0,5.031786346E0
3.296280417E0,-8.521778870E-1,9.877210236E0,5.114115143E0
3.306335417E0,-3.007246399E-1,9.665999451E0,4.984784088E0
3.316390417E0,-3.041674805E-1,9.590107269E0,4.357438660E0
3.326445417E0,-7.867639160E-1,9.677675171E0,3.722309418E0
3.336501417E0,-1.224004669E0,9.608668671E0,3.501069489E0
3.346556417E0,-1.144519958E0,9.402098236E0,3.520678711E0
3.356611417E0,-8.273295593E-1,9.195078735E0,3.582350464E0
3.366666417E0,-8.952882385E-1,9.092541962E0,3.598965912E0
3.376722417E0,-1.150806885E0,8.930878143E0,3.161276093E0
3.386777417E0,-1.275946655E0,8.745862885E0,2.788700867E0
3.396832417E0,-1.303938446E0,8.552165680E0,2.988385620E0
3.406887417E0,-1.352587280E0,8.668024750E0,3.293750610E0
3.416942417E0,-1.372196503E0,8.972192230E0,3.500770111E0
3.426998417E0,-1.691931610E0,8.986562347E0,3.550017700E0
3.437053417E0,-1.864073639E0,8.942104797E0,3.383713531E0
3.447108417E0,-1.476978607E0,8.719966736E0,3.261567535E0
3.457163417E0,-1.129401398E0,8.634793854E0,3.094814301E0
3.467219417E0,-1.000519409E0,8.940458221E0,2.992576904E0
3.477274417E0,-8.033793640E-1,9.115893402E0,4.921615448E0
3.487329417E0,-8.789721680E-1,9.711953888E0,3.889062653E0
3.497384417E0,-3.376977539E-1,1.010309052E1,3.954925690E0
3.507440417E0,-2.197430420E-1,1.001701950E1,4.048630829E0
3.517495417E0,-2.532733154E-1,1.024080414E1,3.350632324E0
3.527550417E0,-2.860551453E-1,1.108100693E1,3.192261658E0
3.537605417E0,-1.707648926E0,1.362915802E1,3.905229034E0
3.547660417E0,-4.642296295E0,4.467010803E0,5.754184113E0
3.557716417E0,5.008584595E0,1.919159088E0,-3.857478333E-1
3.567771417E0,1.374890900E0,8.093070374E0,1.899699554E0
3.577826417E0,-1.019380188E0,1.038465500E1,1.837878113E0
3.587881417E0,-2.050735474E-2,9.662107544E0,2.915038147E0
3.597937417E0,6.361770630E-1,8.378526764E0,4.422253876E0
3.607992417E0,3.793112183E-1,9.258846130E0,3.902085571E0
3.618047417E0,4.986131287E-1,9.753267975E0,3.303779755E0
3.628102417E0,6.134243774E-1,9.267228699E0,3.659440155E0
3.638158417E0,4.736151123E-1,9.153764648E0,3.406166840E0
3.648213292E0,8.247848511E-2,9.448052673E0,2.949017487E0
3.658268292E0,-1.854643250E-1,9.369316406E0,2.979553986E0
3.668323292E0,-3.351530457E-1,9.252110138E0,3.253035278E0
3.678379292E0,-4.544549561E-1,9.348509674E0,3.512894897E0
3.688434292E0,-6.468049622E-1,9.212742004E0,3.367547150E0
3.698489292E0,-1.068029022E0,9.276659088E0,3.303929443E0
3.708544292E0,-1.506167908E0,9.390871582E0,3.475921783E0
3.718599292E0,-1.494192810E0,9.228758698E0,3.325035553E0
3.728655292E0,-1.074615326E0,9.299112396E0,3.046165466E0
3.738710292E0,-9.515711975E-1,9.232351227E0,3.605402527E0
3.748765292E0,-8.771759033E-1,9.096583557E0,3.682192841E0
3.758820292E0,-8.566685486E-1,9.283993835E0,2.908451843E0
3.768876292E0,-8.930429077E-1,9.452992401E0,3.145708466E0
3.778931292E0,-5.101391602E-1,9.135951691E0,3.540287933E0
3.788986292E0,-6.926097107E-1,9.238039398E0,3.252286835E0
3.799041292E0,-7.322772217E-1,9.335786133E0,2.869083710E0
3.809097292E0,-6.920109558E-1,9.353150024E0,2.867287445E0
3.819152292E0,-3.917353821E-1,9.280101929E0,3.046165466E0
3.829207292E0,-1.308279419E-1,9.327403564E0,3.344495087E0
3.839262292E0,-3.742218018E-3,9.314380646E0,3.286415863E0
3.849317292E0,-7.289840698E-2,9.326505432E0,3.162473602E0
3.859373292E0,-2.484832764E-1,9.325607300E0,2.995271301E0
3.869428292E0,-4.194277954E-1,9.337582397E0,2.891387329E0
3.879483292E0,-5.337899780E-1,9.306746521E0,3.070115662E0
3.889538292E0,-5.942642212E-1,9.260792084E0,3.256029053E0
3.899594292E0,-6.471043396E-1,9.281748505E0,3.324137421E0
3.909649292E0,-7.050338745E-1,9.255552979E0,3.333567810E0
3.919704292E0,-7.216493225E-1,9.255253601E0,3.326532440E0
3.929759292E0,-7.334747314E-1,9.285939789E0,3.337010651E0
3.939815292E0,-7.593708801E-1,9.278904419E0,3.309318237E0
3.949870292E0,-7.647596741E-1,9.262588348E0,3.205583954E0
3.959925292E0,-7.264393616E-1,9.276958466E0,3.212918701E0
3.969980292E0,-6.689588928E-1,9.264234924E0,3.286116486E0
3.980035292E0,-6.033952332E-1,9.286538544E0,3.281775513E0
3.990091292E0,-5.695655823E-1,9.277407532E0,3.417692871E0
4.000146292E0,-6.047424316E-1,9.219028931E0,3.381917267E0
4.010201292E0,-6.382727051E-1,9.288035431E0,3.165617065E0
4.020256292E0,-6.390211487E-1,9.318871307E0,3.072211304E0
4.030312292E0,-6.141728210E-1,9.260193329E0,3.204236755E0
4.040367292E0,-5.834866333E-1,9.281000061E0,3.280428314E0
4.050422292E0,-5.798941040E-1,9.270521851E0,3.345243530E0
4.060477292E0,-5.782475281E-1,9.264534302E0,3.293900299E0
4.070533292E0,-5.740562439E-1,9.302555237E0,3.153043213E0
4.080588292E0,-5.599855042E-1,9.267228699E0,3.162174225E0
4.090643292E0,-5.263055420E-1,9.305099945E0,3.251837769E0
4.100698292E0,-5.358856201E-1,9.288185120E0,3.313958588E0
4.110753292E0,-6.227050781E-1,9.233548737E0,3.403921509E0
4.120809292E0,-6.724017334E-1,9.268426208E0,3.376678162E0
4.130864292E0,-7.018904114E-1,9.296118622E0,3.390000458E0
4.140919292E0,-7.605683899E-1,9.248667297E0,3.429518280E0
4.150974292E0,-8.219407654E-1,9.261241150E0,3.185675354E0
4.161030292E0,-8.343649292E-1,9.292226715E0,2.901117096E0
4.171085292E0,-7.228468323E-1,9.303902435E0,2.892884216E0
4.181140292E0,-5.774990845E-1,9.276659088E0,3.136278076E0
4.191195292E0,-7.126679993E-1,9.263636169E0,3.164269867E0
4.201251292E0,-6.213578796E-1,9.254505157E0,3.468736725E0
4.211306292E0,-4.760101318E-1,9.255702667E0,3.429069214E0
4.221361292E0,-4.062551880E-1,9.306746521E0,3.315904541E0
4.231416292E0,-3.712280273E-1,9.283395081E0,3.246149597E0
4.241471292E0,-3.147953796E-1,9.509874115E0,3.006198578E0
4.251527292E0,-3.104544067E-1,9.248816986E0,3.071013794E0
4.261582292E0,-2.595602417E-1,9.164093170E0,3.065325623E0
4.271637292E0,-2.124082947E-1,9.496102753E0,2.891686707E0
4.281692292E0,-2.127076721E-1,9.317224731E0,2.807112579E0
4.291748292E0,-2.195933533E-1,9.272916870E0,2.837798767E0
4.301803292E0,-1.809736633E-1,9.398805084E0,2.975662079E0
4.311858292E0,-5.149291992E-2,9.310189362E0,3.068020020E0
4.321913292E0,1.255888367E-1,9.245374146E0,3.027604065E0
4.331969292E0,3.206332397E-1,9.448950806E0,2.918181610E0
4.342024292E0,3.367996216E-1,9.372759247E0,3.074756012E0
4.352079292E0,1.639091492E-1,9.289083252E0,2.984493713E0
4.362134292E0,-2.433938599E-1,9.321116638E0,3.111429749E0
4.372189292E0,-7.077282715E-1,9.259444885E0,3.153492279E0
4.382245292E0,-1.246607666E0,9.144783325E0,3.437451782E0
4.392300292E0,-1.860181732E0,9.143585815E0,3.478616180E0
4.402355292E0,-2.378703461E0,9.221124573E0,3.439248047E0
4.412410292E0,-2.427951050E0,9.085356903E0,3.491489410E0
4.422466292E0,-2.251767426E0,9.158255310E0,3.639381866E0
4.432521292E0,-1.877096558E0,9.155710602E0,3.592379608E0
4.442576292E0,-1.374292145E0,9.199868774E0,3.375181274E0
4.452631292E0,-8.557704163E-1,9.259744263E0,3.198698273E0
4.462686292E0,-3.620970154E-1,9.292825470E0,3.196153564E0
4.472742292E0,3.547622681E-2,9.288783875E0,3.305126953E0
4.482797292E0,2.929408264E-1,9.310039673E0,3.360362091E0
4.492852292E0,5.105882263E-1,9.326954498E0,3.320844269E0
4.502907292E0,4.948709106E-1,9.318871307E0,3.343447266E0
4.512963292E0,2.073188782E-1,9.311835938E0,3.218906250E0
4.523018292E0,-2.336640930E-1,9.328750763E0,3.033441925E0
4.533073292E0,-6.533912659E-1,9.262887726E0,3.150498505E0
4.543128292E0,-9.659413147E-1,9.234895935E0,3.354524231E0
4.553184292E0,-1.152453461E0,9.241033173E0,3.513942719E0
4.563239292E0,-1.160536652E0,9.182355194E0,3.387755127E0
4.573294292E0,-1.254690857E0,9.259744263E0,3.341651001E0
4.583349292E0,-1.174906769E0,9.212292938E0,3.220852203E0
4.593404292E0,-1.073567505E0,9.216933289E0,3.290756836E0
4.603460292E0,-8.592132568E-1,9.238638153E0,3.265908508E0
4.613515292E0,-5.875282288E-1,9.247170410E0,3.256927185E0
4.623570292E0,-3.290158081E-1,9.260492706E0,3.411555634E0
4.633625292E0,-1.583706665E-1,9.251361694E0,3.484004974E0
4.643681542E0,-1.252894592E-1,9.273964691E0,3.370540924E0
4.653736542E0,-2.152523804E-1,9.284293213E0,3.159330139E0
4.663791542E0,-3.429368591E-1,9.291927338E0,3.057691498E0
4.673846542E0,-4.754113770E-1,9.286538544E0,3.150498505E0
4.683902542E0,-5.776487732E-1,9.254505157E0,3.269950104E0
4.693957542E0,-6.453080750E-1,9.238787842E0,3.261866913E0
4.704012542E0,-6.834786987E-1,9.299112396E0,3.247347107E0
4.714067542E0,-7.476951599E-1,9.241631927E0,3.618425446E0
4.724122542E0,-8.030799866E-1,9.135802002E0,3.567082214E0
4.734178542E0,-7.912545776E-1,9.301507416E0,2.967578888E0
4.744233542E0,-6.494993591E-1,9.303004303E0,3.044069824E0
4.754288542E0,-4.616400146E-1,9.219328308E0,3.426075439E0
4.764343542E0,-4.251159668E-1,9.260343018E0,3.437152405E0
4.774399542E0,-5.066963196E-1,9.240284729E0,3.363655243E0
4.784454542E0,-6.258485413E-1,9.254056091E0,3.243754578E0
4.794509542E0,-7.414082336E-1,9.264534302E0,3.225492554E0
4.804564542E0,-8.029302979E-1,9.225615234E0,3.306623840E0
4.814620542E0,-7.964936829E-1,9.240135040E0,3.321143646E0
4.824675542E0,-7.509883118E-1,9.230854340E0,3.320095825E0
4.834730542E0,-6.312373352E-1,9.233997803E0,3.306025085E0
4.844785542E0,-5.298980713E-1,9.267977142E0,3.321443024E0
4.854840542E0,-4.900808716E-1,9.238189087E0,3.398383026E0
4.864896542E0,-5.486091614E-1,9.236542511E0,3.324885864E0
4.874951542E0,-6.632707214E-1,9.268575897E0,3.240311737E0
4.885006542E0,-7.599696350E-1,9.245074768E0,3.270997925E0
4.895061542E0,-8.074209595E-1,9.233399048E0,3.343447266E0
4.905117542E0,-7.945477295E-1,9.237290955E0,3.368295593E0
4.915172542E0,-7.412585449E-1,9.238189087E0,3.318598938E0
4.925227542E0,-6.409671021E-1,9.245673523E0,3.276536407E0
4.935282542E0,-5.346881104E-1,9.258546753E0,3.291056213E0
4.945338542E0,-4.842430115E-1,9.259145508E0,3.296894073E0
4.955393542E0,-4.888833618E-1,9.264983368E0,3.297642517E0
4.965448542E0,-5.303471375E-1,9.257049866E0,3.283272400E0
4.975503542E0,-6.077362061E-1,9.258397064E0,3.278482361E0
4.985558542E0,-6.700067139E-1,9.236692200E0,3.335364075E0
4.995614542E0,-7.128176880E-1,9.237141266E0,3.347638550E0
5.005669542E0,-7.318281555E-1,9.252259827E0,3.285368042E0
5.015724542E0,-7.009922791E-1,9.245374146E0,3.231180725E0
5.025779542E0,-6.306385803E-1,9.254654846E0,3.233276367E0
5.035835542E0,-5.776487732E-1,9.255103912E0,3.345093842E0
5.045890542E0,-5.575904846E-1,9.242829437E0,3.415447540E0
5.055945542E0,-5.816903687E-1,9.253307648E0,3.390748901E0
5.066000542E0,-6.536906433E-1,9.245374146E0,3.351530457E0
5.076056542E0,-7.349716187E-1,9.234596558E0,3.260819092E0
5.086111542E0,-7.948471069E-1,9.247469788E0,3.246149597E0
5.096166542E0,-8.202941895E-1,9.238039398E0,3.313210144E0
5.106221542E0,-7.969427490E-1,9.237290955E0,3.389551392E0
5.116276542E0,-7.337741089E-1,9.226812744E0,3.351231079E0
5.126332542E0,-6.521937561E-1,9.259744263E0,3.238365784E0
5.136387542E0,-5.511538696E-1,9.251960449E0,3.284020844E0
5.146442542E0,-4.800517273E-1,9.248218231E0,3.304677887E0
5.156497542E0,-4.691244507E-1,9.269324341E0,3.283871155E0
5.166553542E0,-5.081932068E-1,9.260043640E0,3.290307770E0
5.176608542E0,-5.676196289E-1,9.257199554E0,3.312162323E0
5.186663542E0,-6.411167908E-1,9.248966675E0,3.304827576E0
5.196718542E0,-6.836283875E-1,9.243727570E0,3.254083099E0
5.206773542E0,-6.822811890E-1,9.247170410E0,3.292403412E0
5.216829542E0,-6.526428223E-1,9.234147491E0,3.350183258E0
5.226884542E0,-6.417155457E-1,9.245673523E0,3.367996216E0
5.236939542E0,-6.701564026E-1,9.244775391E0,3.354823608E0
5.246994542E0,-7.173083496E-1,9.257498932E0,3.261417847E0
5.257050542E0,-7.391629028E-1,9.257947998E0,3.222648468E0
5.267105542E0,-7.324269104E-1,9.241931305E0,3.305875397E0
5.277160542E0,-6.884184265E-1,9.243278503E0,3.333118744E0
5.287215542E0,-6.465055847E-1,9.246871033E0,3.343596954E0
5.297271542E0,-6.105802917E-1,9.237141266E0,3.324436798E0
5.307326542E0,-5.525010681E-1,9.243577881E0,3.347488861E0
5.317381542E0,-5.099894714E-1,9.231902161E0,3.379821625E0
5.327436542E0,-4.866380310E-1,9.242380371E0,3.325933685E0
5.337491542E0,-4.908293152E-1,9.252559204E0,3.282823334E0
5.347547542E0,-5.147795105E-1,9.261839905E0,3.300486603E0
5.357602542E0,-5.885760498E-1,9.256600800E0,3.303181000E0
5.367657542E0,-6.801855469E-1,9.245374146E0,3.277284851E0
5.377712542E0,-7.521858215E-1,9.258097687E0,3.258573761E0
5.387768542E0,-7.860154724E-1,9.244476013E0,3.282823334E0
5.397823542E0,-7.725434875E-1,9.238338776E0,3.337160339E0
5.407878542E0,-7.343728638E-1,9.226812744E0,3.355572052E0
5.417933542E0,-6.854246521E-1,9.245673523E0,3.313359833E0
5.427989542E0,-6.146218872E-1,9.237440643E0,3.335364075E0
5.438044542E0,-5.637277222E-1,9.242530060E0,3.376678162E0
5.448099542E0,-5.417234802E-1,9.253607025E0,3.354075165E0
5.458154542E0,-5.399272156E-1,9.254355469E0,3.304827576E0
5.468209542E0,-5.448669434E-1,9.257498932E0,3.254681854E0
5.478265542E0,-5.272036743E-1,9.258995819E0,3.214265900E0
5.488320542E0,-4.900808716E-1,9.261690216E0,3.241658936E0
5.498375542E0,-4.812492371E-1,9.255253601E0,3.338507538E0
5.508430542E0,-5.032534790E-1,9.253607025E0,3.357368317E0
5.518486542E0,-5.819897461E-1,9.248667297E0,3.285368042E0
5.528541542E0,-6.442602539E-1,9.251661072E0,3.242257690E0
5.538596542E0,-7.050338745E-1,9.259444885E0,3.285517731E0
5.548651542E0,-7.637118530E-1,9.233399048E0,3.304827576E0
5.558706542E0,-7.294331360E-1,9.244026947E0,3.370840302E0
5.568762542E0,-6.982978821E-1,9.232800293E0,3.363056488E0
5.578817542E0,-6.743476868E-1,9.253307648E0,3.260968781E0
5.588872542E0,-6.379733276E-1,9.260792084E0,3.263962555E0
5.598927542E0,-6.267466736E-1,9.250463562E0,3.332969055E0
5.608983542E0,-6.436614990E-1,9.243577881E0,3.383114777E0
5.619038542E0,-6.981481934E-1,9.230105896E0,3.387904816E0
5.629093542E0,-7.770341492E-1,9.233997803E0,3.352278900E0
5.639148542E0,-8.143066406E-1,9.221423950E0,3.312910767E0
5.649203958E0,-7.930508423E-1,9.234297180E0,3.326382751E0
5.659258958E0,-7.008425903E-1,9.230854340E0,3.362607422E0
5.669313958E0,-5.528004456E-1,9.245823212E0,3.363056488E0
5.679368958E0,-3.909869385E-1,9.250613251E0,3.332070923E0
5.689423958E0,-2.948867798E-1,9.284293213E0,3.269201660E0
5.699479958E0,-3.170407104E-1,9.283544769E0,3.238515472E0
5.709534958E0,-4.716691589E-1,9.256151733E0,3.240012360E0
5.719589958E0,-6.550378418E-1,9.255852356E0,3.262465668E0
5.729644958E0,-8.161029053E-1,9.231602783E0,3.365601196E0
5.739700958E0,-8.912466431E-1,9.205107880E0,3.412154388E0
5.749755958E0,-8.657995605E-1,9.225615234E0,3.354673920E0
5.759810958E0,-7.358697510E-1,9.242979126E0,3.283721466E0
5.769865958E0,-5.450166321E-1,9.251661072E0,3.294948120E0
5.779920958E0,-3.962260437E-1,9.255702667E0,3.347039795E0
5.789976958E0,-3.570075989E-1,9.252110138E0,3.335663452E0
5.800031958E0,-5.291496277E-1,9.231752472E0,3.241060181E0
5.810086958E0,-1.025218048E0,9.220825195E0,3.174897766E0
5.820141958E0,-1.519041138E0,9.194030914E0,3.246299286E0
5.830197958E0,-1.561552734E0,9.216933289E0,3.401077423E0
5.840252958E0,-1.068627777E0,9.178313599E0,3.594475250E0
5.850307958E0,-7.520361328E-1,9.348060608E0,3.436853027E0
5.860362958E0,-5.920188904E-1,9.140891418E0,3.314407654E0
5.870417958E0,-3.547622681E-1,9.238189087E0,3.395988007E0
5.880473958E0,4.758604431E-1,9.258247375E0,3.596870270E0
5.890528958E0,1.521286469E0,9.370813293E0,3.285368042E0
5.900583958E0,1.199006653E0,9.412426758E0,2.624043274E0
5.910638958E0,-2.007325745E-1,9.167835388E0,2.725681915E0
5.920694958E0,-1.413360901E0,9.282946014E0,3.409759369E0
5.930749958E0,-1.840123444E0,9.212292938E0,3.871998138E0
5.940804958E0,-1.517394562E0,9.233997803E0,3.675756226E0
5.950859958E0,-1.115630035E0,9.236841888E0,3.247047729E0
5.960915958E0,-1.043330383E0,9.225166168E0,3.249891815E0
5.970970958E0,-9.810598755E-1,9.196875000E0,3.172802124E0
5.981025958E0,-7.065307617E-1,9.258397064E0,3.046015778E0
5.991080958E0,-4.369413757E-1,9.274264069E0,3.187471619E0
6.001135958E0,-2.951861572E-1,9.302704926E0,3.218906250E0
6.011191958E0,-3.344046021E-1,9.317224731E0,3.318449249E0
6.021246958E0,-2.592608643E-1,9.318571930E0,3.574716339E0
6.031301958E0,-6.870712280E-2,9.196425934E0,3.715423737E0
6.041356958E0,3.682342529E-2,9.165140991E0,3.286116486E0
6.051412958E0,1.513352966E-1,9.334588623E0,2.979553986E0
6.061467958E0,2.179467773E-1,9.233249359E0,3.093018036E0
6.071522958E0,8.113128662E-2,9.258097687E0,3.128344574E0
6.081577958E0,-5.367837524E-1,9.308842163E0,3.275039520E0
6.091632958E0,-9.716294861E-1,9.301956482E0,3.370690613E0
6.101688958E0,-7.333250427E-1,9.301657104E0,3.598965912E0
6.111743958E0,-1.613644409E-1,9.198671265E0,3.657643890E0
6.121798958E0,-6.062393188E-2,9.275910645E0,3.413202209E0
6.131853958E0,-6.119274902E-1,9.219927063E0,3.131338348E0
6.141909958E0,-1.211281128E0,9.200317841E0,3.125799866E0
6.151964958E0,-1.045426025E0,9.217831421E0,3.423231354E0
6.162019958E0,-5.168751526E-1,9.247619476E0,3.739523621E0
6.172074958E0,-4.315525818E-1,9.195677490E0,3.541186066E0
6.182129958E0,-9.005273438E-1,9.438173218E0,3.634142761E0
6.192185958E0,-1.768871613E0,9.764344940E0,5.842350769E0
6.202240958E0,-1.723216553E0,1.015967285E1,7.316335602E0
6.212295958E0,6.105802917E-1,1.053254745E1,3.428620148E0
6.222350958E0,2.243384857E0,9.576934662E0,4.161496124E0
6.232406958E0,1.390608215E-1,8.781937866E0,6.845863953E0
6.242461958E0,-2.596799927E0,8.628357239E0,4.209995270E0
6.252516958E0,-3.340154114E0,8.826994171E0,5.149890747E0
6.262571958E0,-3.438050537E0,8.071515198E0,5.168003082E0
6.272627958E0,-4.433031464E0,6.934779053E0,2.510279846E0
6.282682958E0,-4.491709442E0,7.995623016E0,-4.010160828E-1
6.292737958E0,-4.090094604E0,8.644822998E0,-1.594184875E-1
6.302792958E0,-4.113595734E0,7.678731995E0,2.163301392E0
6.312847958E0,-3.925586700E0,6.838229828E0,3.485052795E0
6.322903958E0,-4.119134216E0,6.762936401E0,4.699327698E0
6.332958958E0,-4.795427856E0,8.254734192E0,6.317762146E0
6.343013958E0,-4.103716278E0,8.996890869E0,7.158713379E0
6.353068958E0,-2.383792877E0,7.854616241E0,7.536378021E0
6.363124958E0,-7.964936829E-1,6.220913544E0,7.464976501E0
6.373179958E0,1.437011719E-2,4.836442566E0,7.206464081E0
6.383234958E0,4.701722717E-1,3.756438446E0,7.399861908E0
6.393289958E0,6.578819275E-1,3.307222595E0,7.897576904E0
6.403345958E0,2.459385681E-1,4.367617493E0,8.624465332E0
6.413400958E0,4.215234375E-1,6.321055298E0,9.248667297E0
6.423455958E0,1.394649811E0,7.064858551E0,9.660610657E0
6.433510958E0,2.393822021E0,6.619684296E0,9.433532867E0
6.443565958E0,2.683918762E0,5.976621552E0,8.812324677E0
6.453621958E0,2.770438843E0,4.760101318E0,8.164322205E0
6.463676958E0,2.443368988E0,3.581602020E0,7.367978210E0
6.473731958E0,1.843715973E0,2.727627869E0,6.522536316E0
6.483786958E0,8.613088989E-1,2.804717560E0,5.856870575E0
6.493842958E0,2.859054565E-2,3.773802338E0,5.589376831E0
6.503897958E0,-4.715194702E-2,4.239483948E0,5.109175415E0
6.513952958E0,-2.079176331E-1,4.807552643E0,4.755460968E0
6.524007958E0,-4.393363953E-1,5.423372040E0,5.241350555E0
6.534062958E0,-3.763174438E-1,5.253026276E0,5.907615051E0
6.544118958E0,-5.141807556E-1,4.897515564E0,6.161936188E0
6.554173958E0,-3.815565491E-1,4.481081543E0,6.050567780E0
6.564228958E0,-7.598199463E-1,4.271217957E0,6.046825562E0
6.574283958E0,-2.028132477E0,4.732408905E0,6.208190002E0
6.584339958E0,-3.164419556E0,5.070555725E0,6.453230438E0
6.594394958E0,-4.309089203E0,5.391039276E0,7.020550690E0
6.604449958E0,-5.009931793E0,5.682632904E0,7.830067291E0
6.614504958E0,-5.060526581E0,5.520370331E0,8.483308868E0
6.624559958E0,-4.797673187E0,5.018164673E0,8.873098297E0
6.634615958E0,-4.565056915E0,4.265529785E0,9.037007446E0
6.644671167E0,-5.084027710E0,4.030368805E0,9.027277679E0
6.654726167E0,-6.400540009E0,4.717440033E0,9.209149475E0
6.664781167E0,-7.586374054E0,5.362598419E0,9.808353424E0
6.674837167E0,-7.989336090E0,5.657634888E0,1.060978683E1
6.684892167E0,-7.406747589E0,5.499264221E0,1.137888748E1
6.694947167E0,-6.305038605E0,5.114115143E0,1.186672302E1
6.705002167E0,-5.135670319E0,4.154311066E0,1.206206680E1
6.715058167E0,-4.325105896E0,3.152294769E0,1.188708069E1
6.725113167E0,-4.042194214E0,3.165617065E0,1.132125732E1
6.735168167E0,-4.630171509E0,3.749702454E0,1.077444443E1
6.745223167E0,-5.710774384E0,4.298012238E0,1.080962128E1
6.755278167E0,-5.592969360E0,4.367018738E0,1.100960541E1
6.765334167E0,-4.588707733E0,4.073479156E0,1.117471207E1
6.775389167E0,-3.274889832E0,3.512595520E0,1.124925705E1
6.785444167E0,-1.805695038E0,2.702929230E0,1.121258331E1
6.795499167E0,-9.008267212E-1,1.696721649E0,1.108504852E1
6.805555167E0,-7.565267944E-1,9.181906128E-1,1.047806076E1
6.815610167E0,-1.130449219E0,8.107141113E-1,9.652677155E0
6.825665167E0,-1.944905548E0,1.346899109E0,8.275989990E0
6.835720167E0,-1.215322723E0,2.810705109E0,1.213032486E1
6.845775167E0,1.965263214E0,3.912563782E0,1.493189896E1
6.855831167E0,2.553689575E0,2.556683350E0,1.498713409E1
6.865886167E0,5.063969421E-1,-5.418731689E-1,1.609393250E1
6.875941167E0,-8.006849670E-1,-9.839039612E-1,1.091889404E1
6.885996167E0,-1.297801208E0,-2.543211365E-1,9.073830872E0
6.896052167E0,-1.107397156E0,2.386038208E-1,9.864786072E0
6.906107167E0,-1.719923401E-1,4.661306763E-1,9.282496948E0
6.916162167E0,5.861810303E-1,4.559518433E-1,8.900042267E0
6.926217167E0,9.720785522E-1,4.745132446E-1,9.088650055E0
6.936272167E0,5.140310669E-1,4.715194702E-1,9.747729492E0
6.946328167E0,-2.561174011E-1,3.534150696E-1,9.779912567E0
6.956383167E0,-3.321592712E-1,1.972897339E-1,9.454938354E0
6.966438167E0,-2.591111755E-1,2.230361938E-1,1.074510544E1
6.976493167E0,-4.070036316E-1,6.306385803E-1,9.722881165E0
6.986549167E0,-2.686912537E-1,6.923103333E-1,9.064849548E0
6.996604167E0,1.426533508E-1,3.686833191E-1,9.509874115E0
7.006659167E0,2.713856506E-1,-1.031355286E-1,1.038705002E1
7.016714167E0,3.201841736E-1,-3.192860413E-1,1.160416901E1
7.026770167E0,2.197430420E-1,1.691482544E-1,9.771529999E0
7.036825167E0,2.240840149E-1,2.095642090E-3,9.975855103E0
7.046880167E0,2.558180237E-1,-1.118174744E-1,9.945468292E0
7.056935167E0,2.300715637E-1,-6.271957397E-2,9.883347473E0
7.066990167E0,1.737886047E-1,1.401086426E-1,9.812245331E0
7.077046167E0,1.547781372E-1,2.417472839E-1,9.840835876E0
7.087101167E0,1.739382935E-1,2.755769348E-1,9.974657593E0
7.097156167E0,1.688488770E-1,2.900967407E-1,9.994715881E0
7.107211167E0,2.177970886E-1,4.281097412E-2,1.002046234E1
7.117267167E0,1.818717957E-1,1.609153748E-1,1.008617569E1
7.127322167E0,6.795867920E-2,2.799179077E-1,9.689949646E0
7.137377167E0,-3.083587646E-2,3.116519165E-1,9.156309357E0
7.147432167E0,4.340972900E-2,2.845582581E-1,9.505832520E0
7.157487167E0,1.707948303E-1,2.171983337E-1,1.008018814E1
7.167543167E0,2.160008240E-1,1.920506287E-1,1.020263351E1
7.177598167E0,1.984872437E-1,1.913021851E-1,1.018511993E1
7.187653167E0,1.236428833E-1,2.215393066E-1,9.882898407E0
7.197708167E0,7.229965210E-2,2.439926147E-1,9.666897583E0
7.207764167E0,5.044509888E-2,2.570155334E-1,9.621242523E0
7.217819167E0,7.694000244E-2,2.499801636E-1,9.736652527E0
7.227874167E0,1.327738953E-1,2.300715637E-1,9.948611755E0
7.237929167E0,1.576222229E-1,2.336640930E-1,1.004441254E1
7.247984167E0,1.514849854E-1,2.320175171E-1,9.964029694E0
7.258040167E0,1.318757629E-1,2.354603577E-1,9.839937744E0
7.268095167E0,1.148112488E-1,2.357597351E-1,9.758207703E0
7.278150167E0,1.044827271E-1,2.368075562E-1,9.768386536E0
7.288205167E0,1.270857239E-1,2.281256104E-1,9.845326538E0
7.298261167E0,1.372645569E-1,2.234852600E-1,9.902507629E0
7.308316167E0,1.389111328E-1,2.200424194E-1,9.927206268E0
7.318371167E0,1.287322998E-1,2.269281006E-1,9.886490936E0
7.328426167E0,1.182540894E-1,2.415975952E-1,9.837692413E0
7.338481167E0,1.065783691E-1,2.378553772E-1,9.824370117E0
7.348537167E0,1.266366577E-1,2.296224976E-1,9.831555176E0
7.358592167E0,1.275347900E-1,2.282752991E-1,9.851912842E0
7.368647167E0,1.330732727E-1,2.173480225E-1,9.875713348E0
7.378702167E0,1.419049072E-1,2.140548706E-1,9.871971130E0
7.388758167E0,1.386117554E-1,2.287243652E-1,9.858948212E0
7.398813167E0,1.417552185E-1,2.336640930E-1,9.848769379E0
7.408868167E0,1.261875916E-1,2.426454163E-1,9.859846344E0
7.418923167E0,1.261875916E-1,2.354603577E-1,9.858648834E0
7.428979167E0,1.172062683E-1,2.415975952E-1,9.848020935E0
7.439034167E0,1.190025330E-1,2.436932373E-1,9.860295410E0
7.449089167E0,1.221459961E-1,2.389031982E-1,9.854008484E0
7.459144167E0,1.234931946E-1,2.338137817E-1,9.856253815E0
7.469199167E0,1.269360352E-1,2.309696960E-1,9.873617706E0
7.479255167E0,1.311273193E-1,2.291734314E-1,9.866732025E0
7.489310167E0,1.383123779E-1,2.237846375E-1,9.853709106E0
7.499365167E0,1.407073975E-1,2.243833923E-1,9.870623932E0
7.509420167E0,1.233435059E-1,2.222877502E-1,9.838291168E0
7.519476167E0,1.291813660E-1,2.311193848E-1,9.861792297E0
7.529531167E0,1.389111328E-1,2.405497742E-1,9.887688446E0
7.539586167E0,1.296304321E-1,2.375559998E-1,9.786349182E0
7.549641167E0,1.296304321E-1,2.411485291E-1,9.930200043E0
7.559696167E0,1.273851013E-1,2.249821472E-1,9.853858795E0
7.569752167E0,1.333726501E-1,2.321672058E-1,9.786349182E0
7.579807167E0,1.327738953E-1,2.272274780E-1,9.939480743E0
7.589862167E0,1.302291870E-1,2.353106689E-1,9.822723541E0
7.599917167E0,1.231938171E-1,2.222877502E-1,9.820927277E0
7.609973167E0,1.267863464E-1,2.317181396E-1,9.898466034E0
7.620028167E0,1.275347900E-1,2.371069336E-1,9.825717316E0
7.630083167E0,1.383123779E-1,2.224374390E-1,9.844877472E0
7.640138167E0,1.281335449E-1,2.350112915E-1,9.886041870E0
7.650192792E0,1.248403931E-1,2.424957275E-1,9.836794281E0
7.660248792E0,1.254391479E-1,2.282752991E-1,9.871372375E0
7.670303792E0,1.255888367E-1,2.348616028E-1,9.861193542E0
7.680358792E0,1.276844788E-1,2.342628479E-1,9.851912842E0
7.690413792E0,1.219963074E-1,2.317181396E-1,9.851014709E0
7.700469792E0,1.228944397E-1,2.315684509E-1,9.850565643E0
7.710524792E0,1.258882141E-1,2.215393066E-1,9.871222687E0
7.720579792E0,1.326242065E-1,2.303709412E-1,9.842632141E0
7.730634792E0,1.330732727E-1,2.354603577E-1,9.866133270E0
7.740690792E0,1.240919495E-1,2.326162720E-1,9.859846344E0
7.750745792E0,1.261875916E-1,2.392025757E-1,9.838590546E0
7.760800792E0,1.248403931E-1,2.357597351E-1,9.859696655E0
7.770855792E0,1.267863464E-1,2.412982178E-1,9.848170624E0
7.780910792E0,1.332229614E-1,2.327659607E-1,9.844129028E0
7.790966792E0,1.281335449E-1,2.320175171E-1,9.872120819E0
7.801021792E0,1.246907043E-1,2.417472839E-1,9.845775604E0
7.811076792E0,1.281335449E-1,2.282752991E-1,9.853409729E0
7.821131792E0,1.350192261E-1,2.213896179E-1,9.865384827E0
7.831187792E0,1.326242065E-1,2.341131592E-1,9.847272491E0
7.841242792E0,1.305285645E-1,2.309696960E-1,9.863139496E0
7.851297792E0,1.315763855E-1,2.345622253E-1,9.854008484E0
7.861352792E0,1.275347900E-1,2.399510193E-1,9.858648834E0
7.871407792E0,1.260379028E-1,2.387535095E-1,9.860894165E0
7.881463792E0,1.234931946E-1,2.365081787E-1,9.844877472E0
7.891518792E0,1.236428833E-1,2.251318359E-1,9.854158173E0
7.901573792E0,1.243913269E-1,2.294728088E-1,9.856253815E0
7.911628792E0,1.362167358E-1,2.273771667E-1,9.860894165E0
7.921684792E0,1.345701599E-1,2.267784119E-1,9.858648834E0
7.931739792E0,1.327738953E-1,2.294728088E-1,9.857601013E0
7.941794792E0,1.291813660E-1,2.330653381E-1,9.864337006E0
7.951849792E0,1.266366577E-1,2.293231201E-1,9.867330780E0
7.961904792E0,1.342707825E-1,2.336640930E-1,9.854307861E0
7.971960792E0,1.353186035E-1,2.338137817E-1,9.861492920E0
7.982015792E0,1.320254517E-1,2.365081787E-1,9.852062531E0
7.992070792E0,1.212478638E-1,2.362088013E-1,9.852661285E0
8.002125792E0,1.254391479E-1,2.312690735E-1,9.857002258E0
8.012181792E0,1.252894592E-1,2.362088013E-1,9.850266266E0
8.022236792E0,1.255888367E-1,2.421963501E-1,9.851014709E0
8.032291792E0,1.344204712E-1,2.318678284E-1,9.855804749E0
8.042346792E0,1.330732727E-1,2.392025757E-1,9.867181091E0
8.052401792E0,1.353186035E-1,2.263293457E-1,9.852661285E0
8.062457792E0,1.296304321E-1,2.260299683E-1,9.852062531E0
8.072512792E0,1.387614441E-1,2.266287231E-1,9.860894165E0
8.082567792E0,1.359173584E-1,2.311193848E-1,9.856852570E0
8.092622792E0,1.384620667E-1,2.353106689E-1,9.853260040E0
8.102678792E0,1.329235840E-1,2.368075562E-1,9.859097900E0
8.112733792E0,1.348695374E-1,2.363584900E-1,9.856253815E0
8.122788792E0,1.335223389E-1,2.333647156E-1,9.857451324E0
8.132843792E0,1.278341675E-1,2.377056885E-1,9.864786072E0
8.142898792E0,1.181044006E-1,2.372566223E-1,9.860744476E0
8.152954792E0,1.257385254E-1,2.309696960E-1,9.859696655E0
8.163009792E0,1.239422607E-1,2.257305908E-1,9.858798523E0
8.173064792E0,1.170565796E-1,2.188449097E-1,9.859247589E0
8.183119792E0,1.345701599E-1,2.215393066E-1,9.863289185E0
8.193175792E0,1.422042847E-1,2.221380615E-1,9.859846344E0
8.203230792E0,1.419049072E-1,2.336640930E-1,9.844578094E0
8.213285792E0,1.315763855E-1,2.478845215E-1,9.846074982E0
8.223340792E0,1.248403931E-1,2.412982178E-1,9.858349457E0
8.233396792E0,1.300794983E-1,2.471360779E-1,9.855205994E0
8.243451792E0,1.213975525E-1,2.480342102E-1,9.847272491E0
8.253506792E0,1.155596924E-1,2.333647156E-1,9.861193542E0
8.263561792E0,1.185534668E-1,2.309696960E-1,9.858050079E0
8.273616792E0,1.233435059E-1,2.248324585E-1,9.858648834E0
8.283672792E0,1.324745178E-1,2.195933533E-1,9.867480469E0
8.293727792E0,1.368154907E-1,2.216889954E-1,9.855205994E0
8.303782792E0,1.371148682E-1,2.195933533E-1,9.856403503E0
8.313837792E0,1.393601990E-1,2.273771667E-1,9.860744476E0
8.323893792E0,1.287322998E-1,2.333647156E-1,9.852062531E0
8.333948792E0,1.252894592E-1,2.454895020E-1,9.859846344E0
8.344003792E0,1.290316772E-1,2.457888794E-1,9.852062531E0
8.354058792E0,1.305285645E-1,2.496807861E-1,9.856104126E0
8.364113792E0,1.230441284E-1,2.414479065E-1,9.862391052E0
8.374169792E0,1.243913269E-1,2.342628479E-1,9.852810974E0
8.384224792E0,1.270857239E-1,2.270777893E-1,9.850116577E0
8.394279792E0,1.311273193E-1,2.279759216E-1,9.852661285E0
8.404334792E0,1.285826111E-1,2.251318359E-1,9.859546967E0
8.414390792E0,1.387614441E-1,2.219883728E-1,9.852960663E0
8.424445792E0,1.305285645E-1,2.327659607E-1,9.852661285E0
8.434500792E0,1.324745178E-1,2.390528870E-1,9.849817200E0
8.444555792E0,1.396595764E-1,2.453398132E-1,9.848320312E0
8.454610792E0,1.279838562E-1,2.499801636E-1,9.852661285E0
8.464666792E0,1.305285645E-1,2.290237427E-1,9.846224670E0
8.474721792E0,1.281335449E-1,2.305206299E-1,9.845176849E0
8.484776792E0,1.216969299E-1,2.282752991E-1,9.862091675E0
8.494831792E0,1.264869690E-1,2.284249878E-1,9.853709106E0
8.504887792E0,1.297801208E-1,2.221380615E-1,9.856253815E0
8.514942792E0,1.269360352E-1,2.145039368E-1,9.854158173E0
8.524997792E0,1.285826111E-1,2.249821472E-1,9.868079224E0
8.535052792E0,1.191522217E-1,2.297721863E-1,9.858948212E0
8.545107792E0,1.329235840E-1,2.315684509E-1,9.861642609E0
8.555163792E0,1.200503540E-1,2.362088013E-1,9.855505371E0
8.565218792E0,1.261875916E-1,2.335144043E-1,9.853559418E0
8.575273792E0,1.383123779E-1,2.329156494E-1,9.859696655E0
8.585328792E0,1.297801208E-1,2.363584900E-1,9.851613464E0
8.595384792E0,1.365161133E-1,2.348616028E-1,9.862840118E0
8.605439792E0,1.305285645E-1,2.279759216E-1,9.869276733E0
8.615494792E0,1.296304321E-1,2.260299683E-1,9.856253815E0
8.625549792E0,1.285826111E-1,2.261796570E-1,9.848919067E0
8.635605792E0,1.261875916E-1,2.206411743E-1,9.840087433E0
8.645661042E0,1.293310547E-1,2.236349487E-1,9.850266266E0
8.655716042E0,1.423539734E-1,2.231858826E-1,9.985584869E0
8.665771042E0,1.682501221E-1,2.134561157E-1,1.019080811E1
8.675826042E0,1.068777466E-1,2.535726929E-1,9.888287201E0
8.685882042E0,-1.601669312E-2,3.272195435E-1,9.502838745E0
8.695937042E0,-8.966354370E-2,3.218307495E-1,9.228159943E0
8.705992042E0,-4.778063965E-1,3.742218018E-2,9.499246216E0
8.716047042E0,-4.601431274E-1,-3.378474426E-1,1.051024384E1
8.726103042E0,-7.469467163E-2,-5.143304443E-1,1.032223480E1
8.736158042E0,-2.484832764E-1,-8.297245789E-1,9.467811584E0
8.746213042E0,1.243913269E0,-1.318607941E0,9.652826843E0
8.756268042E0,2.643053741E0,-1.354233856E0,9.982740784E0
8.766323042E0,1.490899658E-1,8.913963318E-1,9.850116577E0
8.776379042E0,-1.925146637E0,3.463347931E0,9.767488403E0
8.786434042E0,-2.680924988E-1,2.211052094E0,1.029274612E1
8.796489042E0,-4.062551880E-1,8.637039185E-2,1.038270905E1
8.806544042E0,-8.723858643E-1,-5.536985779E-1,1.107786346E1
8.816600042E0,-1.386416931E0,-4.793032837E-1,1.130074997E1
8.826655042E0,-1.393302612E0,2.912942505E-1,1.004980133E1
8.836710042E0,-4.074526978E-1,1.715732117E0,9.007069702E0
8.846765042E0,6.014492798E-1,2.215991821E0,9.543404388E0
8.856820042E0,1.416953430E0,2.199675751E0,1.123443787E1
8.866876042E0,1.343605957E0,2.230511627E0,1.172107590E1
8.876931042E0,7.011419678E-1,2.565964050E0,1.079599960E1
8.886986042E0,-5.170248413E-1,3.116968231E0,1.137110367E1
8.897041042E0,-1.670077057E0,3.144361267E0,1.396730484E1
8.907097042E0,-2.891087952E0,2.737058258E0,1.557361450E1
8.917152042E0,-3.421884155E0,2.295027466E0,1.586700439E1
8.927207042E0,-3.783083038E0,2.066303101E0,1.546913177E1
8.937262042E0,-4.442012787E0,2.477048950E0,1.475796066E1
8.947317042E0,-5.139861603E0,3.555705872E0,1.441442505E1
8.957373042E0,-6.123166809E0,4.972359924E0,1.415351761E1
8.967428042E0,-6.671925659E0,6.183042297E0,1.388018600E1
8.977483042E0,-5.820945282E0,6.619534607E0,1.323427917E1
8.987538042E0,-4.647086334E0,7.056326294E0,1.179592026E1
8.997594042E0,-3.668571167E0,6.457421722E0,1.145328278E1
9.007649042E0,-3.053051147E0,2.718347168E0,1.206296494E1
9.017704042E0,-4.889132996E0,9.627978516E-1,9.235345001E0
9.027759042E0,-7.523355103E0,1.848655701E0,5.379064178E0
9.037814042E0,-9.477391663E0,2.728526001E0,4.040847015E0
9.047870042E0,-9.752220154E0,3.641477509E0,4.983885956E0
9.057925042E0,-7.905360718E0,5.295088806E0,6.270909576E0
9.067980042E0,-5.388943634E0,6.584357758E0,7.092700653E0
9.078035042E0,-3.058889008E0,6.556216278E0,8.567433929E0
9.088091042E0,-1.276395721E0,4.036206665E0,9.975555725E0
9.098146042E0,-7.828720093E-1,2.316432953E0,7.811655579E0
9.108201042E0,-2.066003723E0,3.286266174E0,5.352419586E0
9.118256042E0,-3.363355865E0,5.016967163E0,4.250860291E0
9.128311042E0,-2.211501160E0,5.438191223E0,4.661456451E0
9.138367042E0,3.459306335E-1,4.910239105E0,5.317691803E0
9.148422042E0,2.311642914E0,4.669389954E0,5.868695984E0
9.158477042E0,2.545756073E0,4.852459259E0,5.444178772E0
9.168532042E0,1.921554108E0,4.814438324E0,4.423601074E0
9.178588042E0,1.691931610E0,4.334236908E0,3.311862946E0
9.188643042E0,8.493338013E-1,3.504362640E0,2.370320892E0
9.198698042E0,7.110214233E-2,3.446732483E0,1.706301727E0
9.208753042E0,-3.365002441E-1,4.570894775E0,1.479523315E0
9.218808042E0,-4.583468628E-1,6.031108246E0,3.137475586E-1
9.228864042E0,6.912625122E-1,6.860533447E0,1.316961365E0
9.238919042E0,1.772613831E0,6.554569702E0,3.728895721E0
9.248974042E0,1.903591461E0,6.351292419E0,4.862787781E0
9.259029042E0,1.374890900E0,6.707850952E0,4.948559418E0
9.269085042E0,8.280780029E-1,7.041507111E0,4.921615448E0
9.279140042E0,6.462062073E-1,7.328909454E0,5.051545258E0
9.289195042E0,9.422904968E-1,7.315138092E0,5.056335297E0
9.299250042E0,2.007325745E0,6.645430756E0,4.893773346E0
9.309305042E0,2.550396423E0,6.736591187E0,4.228556671E0
9.319361042E0,2.527344360E0,7.707023163E0,3.627855835E0
9.329416042E0,2.148631897E0,8.040230255E0,4.444108429E0
9.339471042E0,1.468446350E0,8.130642242E0,5.441334686E0
9.349526042E0,1.166973267E0,8.418044586E0,5.946085052E0
9.359582042E0,1.508862305E0,8.629105682E0,5.959407349E0
9.369637042E0,1.936073914E0,8.493637390E0,5.741161194E0
9.379692042E0,1.459015961E0,8.218060455E0,5.444178772E0
9.389747042E0,9.469308472E-1,8.156837769E0,5.111869812E0
9.399803042E0,8.599617004E-1,8.516390076E0,5.623805237E0
9.409858042E0,8.009843445E-1,9.013955383E0,6.133944397E0
9.419913042E0,5.831872559E-1,9.264833679E0,6.156547394E0
9.429968042E0,4.620890808E-1,9.302854614E0,6.297404480E0
9.440023042E0,3.312611389E-1,9.288783875E0,6.126459961E0
9.450079042E0,3.878434753E-1,9.153165894E0,5.548960876E0
9.460134042E0,2.523751831E-1,8.870852966E0,4.830455017E0
9.470189042E0,-1.001417542E-1,8.778794403E0,4.324058075E0
9.480244042E0,-3.635939026E-1,8.700207825E0,3.960763550E0
9.490300042E0,-4.867877197E-1,8.727151794E0,4.056564331E0
9.500355042E0,-5.266049194E-1,9.138795776E0,4.780758362E0
9.510410042E0,-5.742059326E-1,9.620045013E0,5.551206207E0
9.520465042E0,-6.833290100E-1,9.748328247E0,6.067033539E0
9.530520042E0,-7.244934082E-1,9.389374695E0,5.929619293E0
9.540576042E0,-5.328918457E-1,8.970246277E0,5.101840668E0
9.550631042E0,-3.876937866E-1,8.669072571E0,4.452191620E0
9.560686042E0,-6.242019653E-2,8.287366333E0,3.886517944E0
9.570741042E0,-2.544708252E-3,8.516689453E0,3.179687805E0
9.580797042E0,-2.143542480E-1,9.054521027E0,2.825524292E0
9.590852042E0,-3.893403625E-1,9.098230133E0,3.031945038E0
9.600907042E0,-4.596940613E-1,9.211694183E0,3.879033508E0
9.610962042E0,-2.182461548E-1,9.499994659E0,4.690196686E0
9.621017042E0,-9.280700684E-3,9.420959015E0,4.829556885E0
9.631073042E0,2.076182556E-1,9.245673523E0,4.637655945E0
9.641128042E0,-1.287322998E-1,9.388476563E0,4.360881500E0
9.651182917E0,-6.215075684E-1,9.438322906E0,3.935017090E0
9.661237917E0,-5.957611084E-1,9.301507416E0,5.219645691E0
9.671293917E0,-6.900650024E-2,9.304351501E0,6.286776581E0
9.681348917E0,1.121168518E-1,9.794731750E0,4.626578979E0
9.691403917E0,-2.719844055E-1,9.991572418E0,3.864663391E0
9.701458917E0,-2.959346008E-1,9.701475677E0,3.537294159E0
9.711513917E0,-1.814227295E-1,9.373956757E0,3.454815674E0
9.721569917E0,-4.715194702E-1,9.927505646E0,1.604513397E0
9.731624917E0,-5.221142578E-1,1.101289856E1,2.778821411E0
9.741679917E0,-3.457809448E-1,1.230336502E1,4.905000000E0
9.751734917E0,-2.339335327E0,1.174757080E1,1.215771790E0
9.761790917E0,2.102378082E0,1.474733276E0,-5.354365540E-1
9.771845917E0,1.537003784E0,3.496129761E0,7.804320831E0
9.781900917E0,-4.137396240E-1,1.104972198E1,5.864654388E0
9.791955917E0,-6.709048462E-1,1.063837738E1,1.632654877E0
9.802011917E0,-1.344204712E-1,7.763455811E0,4.489464111E0
9.812066917E0,1.381626892E-1,9.258397064E0,2.969524841E0
9.822121917E0,-5.198689270E-1,9.745334473E0,3.405418396E0
9.832176917E0,-6.459068298E-1,8.810678101E0,3.960314484E0
9.842231917E0,-6.183641052E-1,9.183852081E0,3.432512054E0
9.852287917E0,-6.075865173E-1,9.354946289E0,3.173251190E0
9.862342917E0,-6.427633667E-1,9.271120605E0,3.232976990E0
9.872397917E0,-6.402186584E-1,9.235644379E0,3.127147064E0
9.882452917E0,-5.843847656E-1,9.454189911E0,2.792592773E0
9.892508917E0,-6.888674927E-1,9.459129639E0,3.100053406E0
9.902563917E0,-6.366261292E-1,9.170380096E0,3.397784271E0
9.912618917E0,-2.903961182E-1,9.166937256E0,3.733386383E0
9.922673917E0,6.661148071E-2,9.372609558E0,3.455115051E0
9.932728917E0,-2.493814087E-1,9.244326324E0,3.110830994E0
9.942784917E0,-5.158273315E-1,9.277706909E0,2.911894684E0
9.952839917E0,-4.516108704E-1,9.332043915E0,2.802322540E0
9.962894917E0,-2.577639771E-1,9.177116089E0,3.687881012E0
9.972949917E0,-2.650987244E-1,9.170380096E0,3.986659698E0
9.983005917E0,-4.200265503E-1,9.276958466E0,3.355871429E0
9.993060917E0,-5.213658142E-1,9.261390839E0,2.961591339E0
1.000311592E1,-4.323010254E-1,9.333241425E0,2.988385620E0
1.001317092E1,-2.695893860E-1,9.236542511E0,3.447780304E0
1.002322592E1,-2.071691895E-1,9.219328308E0,3.605552216E0
1.003328192E1,-2.938389587E-1,9.322912903E0,3.206631775E0
1.004333692E1,-3.885919189E-1,9.261091461E0,3.043171692E0
1.005339192E1,-4.046086121E-1,9.302106171E0,3.156935120E0
1.006344692E1,-3.659889221E-1,9.259893951E0,3.444936218E0
1.007350292E1,-3.640429688E-1,9.200018463E0,3.538341980E0
1.008355792E1,-3.923341370E-1,9.279353485E0,3.267106018E0
1.009361292E1,-4.264631653E-1,9.269474030E0,3.175646210E0
1.010366792E1,-4.372407532E-1,9.251511383E0,3.272943878E0
1.011372292E1,-4.749623108E-1,9.266031189E0,3.348536682E0
1.012377892E1,-4.974156189E-1,9.232800293E0,3.360362091E0
1.013383392E1,-4.572990417E-1,9.262288971E0,3.313509521E0
1.014388892E1,-4.155358887E-1,9.275162201E0,3.286565552E0
1.015394392E1,-3.764671326E-1,9.261091461E0,3.295397186E0
1.016399992E1,-3.683839417E-1,9.262288971E0,3.308270416E0
1.017405492E1,-3.947291565E-1,9.275012512E0,3.301235046E0
1.018410992E1,-4.574487305E-1,9.261540527E0,3.286266174E0
1.019416492E1,-5.159770203E-1,9.249116364E0,3.373983765E0
1.020421992E1,-5.737568665E-1,9.238039398E0,3.382366333E0
1.021427592E1,-6.054908752E-1,9.246871033E0,3.306025085E0
1.022433092E1,-5.906716919E-1,9.253307648E0,3.270997925E0
1.023438592E1,-4.980143738E-1,9.269773407E0,3.271446991E0
1.024444092E1,-3.673361206E-1,9.263935547E0,3.286715240E0
1.025449692E1,-2.423460388E-1,9.261540527E0,3.342998199E0
1.026455192E1,-1.948947144E-1,9.269474030E0,3.353177032E0
1.027460692E1,-2.525248718E-1,9.268725586E0,3.299738159E0
1.028466192E1,-3.764671326E-1,9.267378387E0,3.261866913E0
1.029471692E1,-4.897814941E-1,9.251661072E0,3.307072906E0
1.030477292E1,-5.285508728E-1,9.249116364E0,3.351231079E0
1.031482792E1,-5.234614563E-1,9.247918854E0,3.348836060E0
1.032488292E1,-4.522096252E-1,9.259744263E0,3.269051971E0
1.033493792E1,-3.579057312E-1,9.281299438E0,3.246149597E0
1.034499392E1,-3.094065857E-1,9.275461578E0,3.337160339E0
1.035504892E1,-3.260220337E-1,9.252259827E0,3.357817383E0
1.036510392E1,-3.855981445E-1,9.247020721E0,3.240760803E0
1.037515892E1,-4.555027771E-1,9.282946014E0,3.259920959E0
1.038521392E1,-4.673281860E-1,9.147777100E0,3.336262207E0
1.039526992E1,-4.095483398E-1,9.131161652E0,3.420836334E0
1.040532492E1,-4.207749939E-1,9.740544434E0,3.220103760E0
1.041537992E1,-3.634442139E-1,9.096583557E0,3.192710724E0
1.042543492E1,-2.609074402E-1,8.872200165E0,3.685186615E0
1.043549092E1,-2.251318359E-1,9.654623108E0,3.232677612E0
1.044554592E1,-2.421963501E-1,9.158255310E0,3.207679596E0
1.045560092E1,-2.957849121E-1,9.151070251E0,3.207829285E0
1.046565592E1,-3.896397400E-1,9.523495789E0,3.153641968E0
1.047571192E1,-5.135820007E-1,9.168883209E0,3.426973572E0
1.048576692E1,-6.089337158E-1,9.177714844E0,3.345542908E0
1.049582192E1,-6.351292419E-1,9.323511658E0,3.305276642E0
1.050587692E1,-5.716612244E-1,9.251361694E0,3.291355591E0
1.051593192E1,-4.456233215E-1,9.203610992E0,3.350033569E0
1.052598792E1,-3.376977539E-1,9.279652863E0,3.381917267E0
1.053604292E1,-3.110531616E-1,9.307195587E0,3.278482361E0
1.054609792E1,-3.047662354E-1,9.183702393E0,3.267106018E0
1.055615292E1,-2.983296204E-1,9.315727844E0,3.286266174E0
1.056620792E1,-2.890489197E-1,9.308393097E0,3.319197693E0
1.057626392E1,-3.243754578E-1,9.173373871E0,3.369942169E0
1.058631892E1,-3.555107117E-1,9.334289246E0,3.223995667E0
1.059637392E1,-4.026626587E-1,9.267079010E0,3.204835510E0
1.060642892E1,-4.261637878E-1,9.233399048E0,3.306324463E0
1.061648492E1,-4.120930481E-1,9.325008545E0,3.328927460E0
1.062653992E1,-4.228706360E-1,9.195827179E0,3.386108551E0
1.063659492E1,-4.414320374E-1,9.252559204E0,3.294049988E0
1.064664992E1,-4.122427368E-1,9.289083252E0,3.239712982E0
1.065670546E1,-3.079096985E-1,9.227261810E0,3.345093842E0
1.066676046E1,-2.478845215E-1,9.269773407E0,3.366199951E0
1.067681546E1,-2.308200073E-1,9.249864807E0,3.289709015E0
1.068687046E1,-2.152523804E-1,9.253756714E0,3.259621582E0
1.069692546E1,-2.227368164E-1,9.323062592E0,3.229983215E0
1.070698146E1,-3.456312561E-1,9.286837921E0,3.261717224E0
1.071703646E1,-5.203179932E-1,9.247020721E0,3.306773529E0
1.072709146E1,-6.218069458E-1,9.257498932E0,3.305725708E0
1.073714646E1,-6.456074524E-1,9.244925079E0,3.322790222E0
1.074720246E1,-6.042933655E-1,9.248367920E0,3.326532440E0
1.075725746E1,-5.095404053E-1,9.246571655E0,3.344046021E0
1.076731246E1,-3.716770935E-1,9.249266052E0,3.335663452E0
1.077736746E1,-3.257226562E-1,9.272318115E0,3.252586212E0
1.078742246E1,-3.408412170E-1,9.280251617E0,3.212469635E0
1.079747846E1,-3.598516846E-1,9.267827454E0,3.284619598E0
1.080753346E1,-3.852987671E-1,9.254505157E0,3.364253998E0
1.081758846E1,-4.192781067E-1,9.256750488E0,3.358116760E0
1.082764346E1,-4.463717651E-1,9.249565430E0,3.287014618E0
1.083769946E1,-4.519102478E-1,9.259594574E0,3.282374268E0
1.084775446E1,-4.366419983E-1,9.262887726E0,3.295097809E0
1.085780946E1,-4.201762390E-1,9.263636169E0,3.323688354E0
1.086786446E1,-4.228706360E-1,9.256451111E0,3.333418121E0
1.087791946E1,-4.323010254E-1,9.264683990E0,3.310066681E0
1.088797546E1,-4.366419983E-1,9.265432434E0,3.261268158E0
1.089803046E1,-4.305047607E-1,9.265731812E0,3.256927185E0
1.090808546E1,-4.159849548E-1,9.261241150E0,3.314407654E0
1.091814046E1,-4.162843323E-1,9.254355469E0,3.334316254E0
1.092819646E1,-4.046086121E-1,9.264683990E0,3.310815125E0
1.093825146E1,-4.131408691E-1,9.264683990E0,3.252885590E0
1.094830646E1,-4.370910645E-1,9.262438660E0,3.279380493E0
1.095836146E1,-4.320016479E-1,9.258846130E0,3.307671661E0
1.096841746E1,-4.354444885E-1,9.251361694E0,3.332519989E0
1.097847246E1,-4.234693909E-1,9.260941772E0,3.311713257E0
1.098852746E1,-4.096980286E-1,9.274862823E0,3.290307770E0
1.099858246E1,-4.079017639E-1,9.249715118E0,3.291505280E0
1.100863746E1,-4.076023865E-1,9.273365936E0,3.297792206E0
1.101869346E1,-4.257147217E-1,9.257798309E0,3.350332947E0
1.102874846E1,-4.331991577E-1,9.251212006E0,3.330124969E0
1.103880346E1,-4.495152283E-1,9.256900177E0,3.286266174E0
1.104885846E1,-4.695735168E-1,9.257199554E0,3.295696564E0
1.105891446E1,-4.700225830E-1,9.256900177E0,3.296744385E0
1.106896946E1,-4.691244507E-1,9.261839905E0,3.293151855E0
1.107902446E1,-4.634362793E-1,9.260193329E0,3.315156097E0
1.108907946E1,-4.522096252E-1,9.247170410E0,3.333118744E0
1.109913446E1,-4.430786133E-1,9.264534302E0,3.324137421E0
1.110919046E1,-4.203259277E-1,9.260642395E0,3.285517731E0
1.111924546E1,-4.076023865E-1,9.264534302E0,3.308270416E0
1.112930046E1,-3.893403625E-1,9.261241150E0,3.316353607E0
1.113935546E1,-3.881428528E-1,9.267827454E0,3.294499054E0
1.114941146E1,-4.131408691E-1,9.266180878E0,3.285966797E0
1.115946646E1,-4.312532043E-1,9.270671539E0,3.270698547E0
1.116952146E1,-4.537065125E-1,9.256451111E0,3.305576019E0
1.117957646E1,-4.571493530E-1,9.242080994E0,3.350632324E0
1.118963146E1,-4.611909485E-1,9.260492706E0,3.336112518E0
1.119968746E1,-4.575984192E-1,9.259744263E0,3.292852478E0
1.120974246E1,-4.302053833E-1,9.260941772E0,3.279081116E0
1.121979746E1,-3.918850708E-1,9.264384613E0,3.307072906E0
1.122985246E1,-3.697311401E-1,9.265432434E0,3.321892090E0
1.123990846E1,-3.686833191E-1,9.259594574E0,3.309617615E0
1.124996346E1,-4.165837097E-1,9.255702667E0,3.313359833E0
1.126001846E1,-4.502636719E-1,9.263785858E0,3.298390961E0
1.127007346E1,-4.825964355E-1,9.265282745E0,3.310216370E0
1.128012846E1,-4.845423889E-1,9.254355469E0,3.315605164E0
1.129018446E1,-4.620890808E-1,9.248068542E0,3.296145630E0
1.130023946E1,-4.222718811E-1,9.263336792E0,3.288361816E0
1.131029446E1,-3.932322693E-1,9.262887726E0,3.326981506E0
1.132034946E1,-3.920347595E-1,9.253607025E0,3.318898315E0
1.133040546E1,-4.093986511E-1,9.260792084E0,3.278781738E0
1.134046046E1,-4.471202087E-1,9.258247375E0,3.277284851E0
1.135051546E1,-4.653822327E-1,9.264683990E0,3.294948120E0
1.136057046E1,-4.638853455E-1,9.263336792E0,3.340752869E0
1.137062646E1,-4.384382629E-1,9.260343018E0,3.334615631E0
1.138068146E1,-4.355941772E-1,9.257947998E0,3.299588470E0
1.139073646E1,-4.251159668E-1,9.264683990E0,3.268004150E0
1.140079146E1,-4.131408691E-1,9.263037415E0,3.275039520E0
1.141084646E1,-4.056564331E-1,9.251661072E0,3.308869171E0
1.142090246E1,-3.998185730E-1,9.256002045E0,3.358116760E0
1.143095746E1,-4.167333984E-1,9.251960449E0,3.337908783E0
1.144101246E1,-4.465214539E-1,9.263935547E0,3.284469910E0
1.145106746E1,-4.611909485E-1,9.270072784E0,3.272045746E0
1.146112346E1,-4.492158508E-1,9.263636169E0,3.309168549E0
1.147117846E1,-4.429289246E-1,9.260193329E0,3.320245514E0
1.148123346E1,-4.495152283E-1,9.267977142E0,3.308569794E0
1.149128846E1,-4.402345276E-1,9.259295197E0,3.307821350E0
1.150134346E1,-4.240681458E-1,9.256600800E0,3.316952362E0
1.151139946E1,-4.037104797E-1,9.260642395E0,3.312761078E0
1.152145446E1,-3.849993896E-1,9.262288971E0,3.282523956E0
1.153150946E1,-3.914360046E-1,9.263785858E0,3.284918976E0
1.154156446E1,-3.971241760E-1,9.260492706E0,3.302282867E0
1.155162046E1,-4.275109863E-1,9.267378387E0,3.317401428E0
1.156167546E1,-4.665797424E-1,9.252708893E0,3.305576019E0
1.157173046E1,-4.808001709E-1,9.264384613E0,3.274740143E0
1.158178546E1,-4.778063965E-1,9.255552979E0,3.311563568E0
1.159184146E1,-4.590953064E-1,9.250762939E0,3.320844269E0
1.160189646E1,-4.182302856E-1,9.256301422E0,3.312012634E0
1.161195146E1,-3.697311401E-1,9.259295197E0,3.311862946E0
1.162200646E1,-3.439846802E-1,9.261540527E0,3.320993958E0
1.163206146E1,-3.433859253E-1,9.254205780E0,3.322490845E0
1.164211746E1,-3.879931641E-1,9.268276520E0,3.288511505E0
1.165217329E1,-4.358935547E-1,9.254654846E0,3.278332672E0
1.166222829E1,-4.828958130E-1,9.257349243E0,3.287014618E0
1.167228329E1,-4.920268250E-1,9.248517609E0,3.311264191E0
1.168233929E1,-4.802014160E-1,9.254205780E0,3.323089600E0
1.169239429E1,-4.620890808E-1,9.265731812E0,3.326382751E0
1.170244929E1,-4.466711426E-1,9.251661072E0,3.318898315E0
1.171250429E1,-4.426295471E-1,9.267677765E0,3.293301544E0
1.172255929E1,-4.435276794E-1,9.261390839E0,3.317251740E0
1.173261529E1,-4.502636719E-1,9.246272278E0,3.317700806E0
1.174267029E1,-4.652325439E-1,9.263486481E0,3.315605164E0
1.175272529E1,-4.734654236E-1,9.253307648E0,3.309018860E0
1.176278029E1,-4.578977966E-1,9.260792084E0,3.307372284E0
1.177283629E1,-4.379891968E-1,9.257498932E0,3.338956604E0
1.178289129E1,-4.233197021E-1,9.260941772E0,3.312312012E0
1.179294629E1,-4.171824646E-1,9.267079010E0,3.276386719E0
1.180300129E1,-4.164340210E-1,9.270671539E0,3.270399170E0
1.181305629E1,-4.288581848E-1,9.274114380E0,3.271147614E0
1.182311229E1,-4.399351501E-1,9.245224457E0,3.301983490E0
1.183316729E1,-4.367916870E-1,9.259594574E0,3.330124969E0
1.184322229E1,-4.076023865E-1,9.256151733E0,3.347488861E0
1.185327729E1,-3.516188049E-1,9.243428192E0,3.331472168E0
1.186333329E1,-3.092568970E-1,9.275910645E0,3.310216370E0
1.187338829E1,-2.990780640E-1,9.273066559E0,3.290158081E0
1.188344329E1,-3.261717224E-1,9.257498932E0,3.290158081E0
1.189349829E1,-3.906875610E-1,9.277257843E0,3.288960571E0
1.190355429E1,-4.584965515E-1,9.261241150E0,3.283871155E0
1.191360929E1,-4.951702881E-1,9.251810760E0,3.263962555E0
1.192366429E1,-4.788542175E-1,9.268575897E0,3.266357574E0
1.193371929E1,-4.001179504E-1,9.249864807E0,3.309018860E0
1.194377429E1,-3.399430847E-1,9.245224457E0,3.345842285E0
1.195383029E1,-3.356021118E-1,9.277706909E0,3.336561584E0
1.196388529E1,-3.802093506E-1,9.226812744E0,3.348386993E0
1.197394029E1,-4.620890808E-1,9.230405273E0,3.337310028E0
1.198399529E1,-5.198689270E-1,9.277706909E0,3.301085358E0
1.199405129E1,-5.246589661E-1,9.238189087E0,3.333118744E0
1.200410629E1,-4.532574463E-1,9.269923096E0,3.306474152E0
1.201416129E1,-3.537144470E-1,9.282946014E0,3.276536407E0
1.202421629E1,-2.674937439E-1,9.262588348E0,3.249742126E0
1.203427129E1,-2.618055725E-1,9.282047882E0,3.241509247E0
1.204432729E1,-3.207829285E-1,9.269174652E0,3.301235046E0
1.205438229E1,-4.049079895E-1,9.254505157E0,3.355721741E0
1.206443729E1,-4.767585754E-1,9.235644379E0,3.365900574E0
1.207449229E1,-4.966671753E-1,9.247469788E0,3.344944153E0
1.208454829E1,-4.516108704E-1,9.248667297E0,3.307971039E0
1.209460329E1,-3.763174438E-1,9.253157959E0,3.305576019E0
1.210465829E1,-3.308120728E-1,9.275611267E0,3.313509521E0
1.211471329E1,-3.760180664E-1,9.270821228E0,3.271147614E0
1.212476929E1,-4.821473694E-1,9.274413757E0,3.263363800E0
1.213482429E1,-5.791456604E-1,9.256900177E0,3.291954346E0
1.214487929E1,-6.023474121E-1,9.251960449E0,3.319796448E0
1.215493429E1,-5.234614563E-1,9.251361694E0,3.330124969E0
1.216498929E1,-3.953279114E-1,9.252110138E0,3.296295319E0
1.217504529E1,-2.544708252E-1,9.256900177E0,3.290906525E0
1.218510029E1,-1.733395386E-1,9.268276520E0,3.330873413E0
1.219515529E1,-2.014810181E-1,9.260043640E0,3.361409912E0
1.220521029E1,-3.219804382E-1,9.258696442E0,3.309018860E0
1.221526629E1,-4.752616882E-1,9.265881500E0,3.249293060E0
1.222532129E1,-6.027964783E-1,9.264983368E0,3.260819092E0
1.223537629E1,-6.701564026E-1,9.247020721E0,3.276087341E0
1.224543129E1,-6.475534058E-1,9.253607025E0,3.312910767E0
1.225548629E1,-5.638774109E-1,9.250014496E0,3.395688629E0
1.226554229E1,-4.355941772E-1,9.231153717E0,3.356320496E0
1.227559729E1,-3.318598938E-1,9.266180878E0,3.234623566E0
1.228565229E1,-2.528242493E-1,9.269474030E0,3.210373993E0
1.229570729E1,-2.326162720E-1,9.270521851E0,3.322939911E0
1.230576329E1,-2.591111755E-1,9.257199554E0,3.422931976E0
1.231581829E1,-3.367996216E-1,9.255552979E0,3.341351624E0
1.232587329E1,-3.936813354E-1,9.274563446E0,3.231929169E0
1.233592829E1,-4.176315308E-1,9.271120605E0,3.230282593E0
1.234598429E1,-4.004173279E-1,9.267827454E0,3.290756836E0
1.235603929E1,-4.080514526E-1,9.266929321E0,3.308420105E0
1.236609429E1,-4.966671753E-1,9.251960449E0,3.283122711E0
1.237614929E1,-1.151705017E0,9.178912354E0,3.273392944E0
1.238620429E1,-1.304686890E0,9.263486481E0,3.361409912E0
1.239626029E1,-7.316784668E-1,9.168883209E0,3.586841125E0
1.240631529E1,-9.116043091E-2,9.255403290E0,3.410507812E0
1.241637029E1,4.267625427E-1,9.335486755E0,3.349883881E0
1.242642529E1,7.066804504E-1,9.262887726E0,3.275338898E0
1.243648129E1,7.894583130E-1,9.403894501E0,2.878514099E0
1.244653629E1,3.773652649E-1,9.367969208E0,2.764301605E0
1.245659129E1,-2.981799316E-1,9.235494690E0,3.450025635E0
1.246664629E1,-8.994795227E-1,9.229656830E0,3.786376190E0
1.247670229E1,-1.003962250E0,9.159153442E0,3.526067505E0
1.248675729E1,-7.698490906E-1,9.320218506E0,3.131937103E0
1.249681229E1,-6.782395935E-1,9.233698425E0,3.094664612E0
1.250686729E1,-8.744815063E-1,9.182055817E0,3.449875946E0
1.251692229E1,-9.527687073E-1,9.135502625E0,3.686683502E0
1.252697829E1,-8.264314270E-1,9.270222473E0,3.450923767E0
1.253703329E1,-5.420228577E-1,9.257498932E0,2.978206787E0
1.254708829E1,-2.785707092E-1,9.316476288E0,2.997666321E0
1.255714329E1,-2.490820312E-1,9.312285004E0,3.183729401E0
1.256719929E1,-2.540217590E-1,9.275910645E0,3.525618439E0
1.257725429E1,-3.382965088E-1,9.192234650E0,3.612138519E0
1.258730929E1,-7.414082336E-1,9.183103638E0,3.228785706E0
1.259736429E1,-1.077459412E0,9.279203796E0,3.053051147E0
1.260742029E1,-7.059320068E-1,9.254954224E0,3.460354156E0
1.261747529E1,-2.570155334E-1,9.187893677E0,3.620072021E0
1.262753029E1,-1.255888367E-1,9.300758972E0,3.267854462E0
1.263758529E1,-3.906875610E-1,9.394015045E0,3.212170258E0
1.264764029E1,-6.221063232E-1,9.194030914E0,3.707939301E0
1.265769604E1,-3.275189209E-1,9.194629669E0,3.888613586E0
1.266775104E1,1.694476318E-1,9.243428192E0,3.441942444E0
1.267780604E1,4.921765137E-1,9.208700409E0,3.269800415E0
1.268786104E1,5.441184998E-1,9.241482239E0,3.454366608E0
1.269791704E1,-5.987548828E-3,9.351653137E0,3.030448151E0
1.270797204E1,-9.728269958E-1,9.464817810E0,2.838846588E0
1.271802704E1,-1.215322723E0,9.310189362E0,2.680026855E0
1.272808204E1,-8.511300659E-1,9.240883484E0,2.721191254E0
1.273813804E1,-1.246907043E-1,9.259444885E0,2.813698883E0
1.274819304E1,4.664300537E-1,9.320068817E0,3.150648193E0
1.275824804E1,5.822891235E-1,9.315428467E0,3.685186615E0
1.276830304E1,2.029779053E-1,9.345665588E0,3.650159454E0
1.277835804E1,-5.882766724E-2,9.258546753E0,3.123704224E0
1.278841404E1,-4.041595459E-2,9.292077026E0,3.056344299E0
1.279846904E1,-4.894821167E-2,9.340426483E0,3.604055328E0
1.280852404E1,-2.275268555E-1,9.361382904E0,3.810476074E0
1.281857904E1,-3.631448364E-1,9.492510223E0,3.429817657E0
1.282863504E1,-7.634124756E-2,9.248218231E0,3.476520538E0
1.283869004E1,-1.908531189E-1,9.017996979E0,3.369942169E0
1.284874504E1,-8.330177307E-1,8.905580750E0,3.504212952E0
1.285880004E1,-1.092877350E0,8.889264679E0,4.286336517E0
1.286885604E1,-1.676214294E0,9.103169861E0,6.881938934E0
1.287891104E1,-2.170935516E0,1.005144791E1,9.598489838E0
1.288896604E1,1.552870789E0,1.013392639E1,2.634970551E0
1.289902104E1,2.872975616E0,9.221423950E0,6.337820435E-1
1.290907604E1,-1.306483154E0,8.137378235E0,4.739144897E0
1.291913204E1,-4.875511322E0,7.386689301E0,3.459605713E0
1.292918704E1,-6.137836304E0,7.037166138E0,2.019899597E0
1.293924204E1,-6.249055023E0,7.297774200E0,3.930077362E0
1.294929704E1,-3.320095825E0,8.628806305E0,4.073179779E0
1.295935304E1,-2.252366180E0,7.819289703E0,4.514162750E0
1.296940804E1,-2.713557129E0,6.164780273E0,5.107379150E0
1.297946304E1,-3.880829773E0,6.477779388E0,4.896767120E0
1.298951804E1,-5.180576935E0,7.745942230E0,4.640500031E0
1.299957404E1,-5.269641724E0,8.397387543E0,5.630241852E0
1.300962904E1,-4.163292389E0,8.095615082E0,6.357130280E0
1.301968404E1,-2.595901794E0,7.038363647E0,6.900200958E0
1.302973904E1,-1.711690521E0,5.983507233E0,7.150480499E0
1.303979404E1,-1.194815369E0,5.307063904E0,6.941814423E0
1.304985004E1,-7.038363647E-1,5.001249847E0,6.934180298E0
1.305990504E1,-2.338137817E-1,4.647086334E0,7.157515869E0
1.306996004E1,-1.191522217E-1,4.605622559E0,7.732619934E0
1.308001504E1,-5.080435181E-1,5.480104065E0,8.331674194E0
1.309007104E1,-6.587800598E-1,6.415209503E0,8.692573700E0
1.310012604E1,-1.327738953E-1,6.619833984E0,9.285939789E0
1.311018104E1,8.264314270E-1,6.096671906E0,9.142537994E0
1.312023604E1,1.415157166E0,5.191953278E0,8.722212067E0
1.313029204E1,1.685644684E0,3.798201599E0,8.134534149E0
1.314034704E1,1.295855255E0,3.095862122E0,7.167095947E0
1.315040204E1,8.551716614E-1,2.864143982E0,6.102958832E0
1.316045704E1,1.437011719E-1,3.207978973E0,5.983357544E0
1.317051204E1,-1.321901093E0,5.318290558E0,6.179749146E0
1.318056804E1,-2.104922791E0,6.380032654E0,5.928721161E0
1.319062304E1,-2.211351471E0,6.512357483E0,5.967789917E0
1.320067804E1,-1.988015900E0,6.447542267E0,6.041436768E0
1.321073304E1,-1.642833710E0,5.998326416E0,6.193670197E0
1.322078904E1,-2.075284424E0,5.952521667E0,6.402336273E0
1.323084404E1,-3.149600372E0,6.327940979E0,6.676116943E0
1.324089904E1,-4.024231567E0,6.121969299E0,7.065906372E0
1.325095404E1,-4.238136749E0,5.735173645E0,6.882088623E0
1.326101004E1,-3.989653473E0,5.408253479E0,6.369255066E0
1.327106504E1,-3.582350464E0,5.236410828E0,6.187532959E0
1.328112004E1,-3.755390625E0,5.455704803E0,6.328240356E0
1.329117504E1,-4.763544159E0,6.399941254E0,6.624923401E0
1.330123004E1,-5.901777191E0,6.948400726E0,7.106472015E0
1.331128604E1,-6.393205261E0,6.900051270E0,7.764204254E0
1.332134104E1,-5.685476990E0,6.195765839E0,8.260122986E0
1.333139604E1,-4.967869263E0,5.496569824E0,8.646020508E0
1.334145104E1,-4.996160431E0,5.303321686E0,8.798852692E0
1.335150704E1,-5.557343445E0,5.431006165E0,9.269474030E0
1.336156204E1,-6.360722809E0,5.891298981E0,9.664652252E0
1.337161704E1,-6.180946655E0,6.128405914E0,1.018946091E1
1.338167204E1,-4.961881714E0,5.715265045E0,1.069585785E1
1.339172804E1,-3.597019958E0,5.104984131E0,1.087323898E1
1.340178304E1,-3.107986908E0,4.933440857E0,1.078656921E1
1.341183804E1,-3.379372559E0,4.967270508E0,1.057969940E1
1.342189304E1,-3.563639374E0,4.587510223E0,1.056637711E1
1.343194904E1,-3.569926300E0,4.217180328E0,1.056428146E1
1.344200404E1,-3.309168549E0,4.026626587E0,1.042686722E1
1.345205904E1,-2.660118256E0,3.662134552E0,1.043435165E1
1.346211404E1,-1.727407837E0,3.288062439E0,1.012135254E1
1.347217004E1,-1.070424042E0,3.161276093E0,9.587263184E0
1.348222504E1,-1.333427124E0,3.206781464E0,9.159901886E0
1.349228004E1,-2.269131317E0,3.557352448E0,9.102720795E0
1.350233504E1,-2.744393005E0,3.737877045E0,9.265731812E0
1.351239004E1,-2.614313507E0,3.676804047E0,7.974666595E0
1.352244604E1,-1.452429657E0,3.044818268E0,8.842262421E0
1.353250104E1,-7.113208008E-1,2.130669250E0,9.660610657E0
1.354255604E1,-4.611909485E-1,1.626517639E0,9.637259216E0
1.355261104E1,-5.855822754E-1,1.655108185E0,9.486971741E0
1.356266704E1,-5.760021973E-1,1.378782806E0,9.307045898E0
1.357272204E1,-7.206015015E-1,1.262474670E0,9.077573090E0
1.358277704E1,-6.562353516E-1,1.055604858E0,8.970695343E0
1.359283204E1,-5.468128967E-1,6.545887756E-1,9.014404449E0
1.360288704E1,-7.201524353E-1,6.168672180E-1,8.985963593E0
1.361294304E1,-1.035396881E0,6.491999817E-1,9.142687683E0
1.362299804E1,-1.752405853E0,6.361770630E-1,1.012988480E1
1.363305304E1,-2.343376923E0,4.909790039E-1,1.143008102E1
1.364310804E1,-1.042132874E0,2.014810181E-1,1.138412659E1
1.365316392E1,8.592132568E-1,8.008346558E-2,1.099852844E1
1.366321892E1,1.822310486E0,2.583926697E0,1.356374405E1
1.367327392E1,1.832040253E0,2.598147125E0,1.535102737E1
1.368332892E1,3.966751099E-1,1.240919495E-1,1.597912125E1
1.369338492E1,3.924838257E-1,-2.888992310E-2,9.916728058E0
1.370343992E1,-4.276606750E-1,-1.787283325E-1,9.368567963E0
1.371349492E1,-5.941145325E-1,3.695814514E-1,8.627758484E0
1.372354992E1,6.466552734E-2,3.161425781E-1,8.305628357E0
1.373360592E1,-1.824705505E-1,4.760101318E-2,8.736881561E0
1.374366092E1,-5.971083069E-1,-1.002914429E-2,9.544601898E0
1.375371592E1,-2.597099304E-1,6.077362061E-2,1.010174332E1
1.376377092E1,4.038601685E-1,8.038284302E-2,1.180265625E1
1.377382592E1,2.395019531E-1,4.323010254E-1,9.630523224E0
1.378388192E1,2.591111755E-1,2.131567383E-1,9.519603882E0
1.379393692E1,3.067121887E-1,3.677851868E-1,9.779014435E0
1.380399192E1,1.544787598E-1,5.141807556E-1,9.636211395E0
1.381404692E1,1.152603149E-2,3.004252625E-1,9.672136688E0
1.382410292E1,-5.528004456E-1,-1.670526123E-1,1.088476501E1
1.383415792E1,-6.128256226E-1,-9.295669556E-2,1.023571472E1
1.384421292E1,7.873626709E-2,1.401086426E-1,9.670041046E0
1.385426792E1,6.915618896E-2,3.164419556E-1,9.769733734E0
1.386432392E1,-1.309776306E-1,4.046086121E-1,9.753567352E0
1.387437892E1,-9.894424438E-2,1.278341675E-1,1.022987686E1
1.388443392E1,-1.017883301E-2,1.444496155E-1,9.970166931E0
1.389448892E1,-3.038681030E-2,3.088078308E-1,9.550739136E0
1.390454492E1,3.888912964E-1,2.511776733E-1,9.927355957E0
1.391459992E1,7.571255493E-1,2.903961182E-2,1.016655853E1
1.392465492E1,3.053649902E-1,1.695973206E-1,9.866732025E0
1.393470992E1,-1.092727661E-2,2.630030823E-1,9.643995209E0
1.394476492E1,1.546284485E-1,2.356100464E-1,9.702822876E0
1.395482092E1,2.140548706E-1,2.216889954E-1,1.000235001E1
1.396487592E1,1.419049072E-1,2.324665833E-1,9.920919342E0
1.397493092E1,1.345701599E-1,2.377056885E-1,9.789342957E0
1.398498592E1,1.196012878E-1,2.433938599E-1,9.800719299E0
1.399504192E1,1.248403931E-1,2.414479065E-1,9.832902374E0
1.400509692E1,1.320254517E-1,2.315684509E-1,9.874366150E0
1.401515192E1,1.351689148E-1,2.261796570E-1,9.912237396E0
1.402520692E1,1.336720276E-1,2.258802795E-1,9.867929535E0
1.403526292E1,1.315763855E-1,2.160008240E-1,9.832752686E0
1.404531792E1,1.251397705E-1,2.186952209E-1,9.832453308E0
1.405537292E1,1.363664246E-1,2.185455322E-1,9.851014709E0
1.406542792E1,1.429527283E-1,2.174977112E-1,9.869725800E0
1.407548292E1,1.483415222E-1,2.359094238E-1,9.863289185E0
1.408553892E1,1.306782532E-1,2.378553772E-1,9.846673737E0
1.409559392E1,1.188528442E-1,2.429447937E-1,9.852212219E0
1.410564892E1,1.267863464E-1,2.474354553E-1,9.836345215E0
1.411570392E1,1.344204712E-1,2.484832764E-1,9.852661285E0
1.412575992E1,1.236428833E-1,2.306703186E-1,9.856253815E0
1.413581492E1,1.219963074E-1,2.257305908E-1,9.863588562E0
1.414586992E1,1.230441284E-1,2.293231201E-1,9.863588562E0
1.415592492E1,1.291813660E-1,2.158511353E-1,9.846074982E0
1.416598092E1,1.300794983E-1,2.160008240E-1,9.849368134E0
1.417603592E1,1.338217163E-1,2.225871277E-1,9.862840118E0
1.418609092E1,1.333726501E-1,2.309696960E-1,9.852960663E0
1.419614592E1,1.393601990E-1,2.381547546E-1,9.854906616E0
1.420620192E1,1.375639343E-1,2.399510193E-1,9.855355682E0
1.421625692E1,1.378633118E-1,2.415975952E-1,9.842183075E0
1.422631192E1,1.384620667E-1,2.375559998E-1,9.852661285E0
1.423636692E1,1.420545959E-1,2.333647156E-1,9.845176849E0
1.424642192E1,1.389111328E-1,2.285746765E-1,9.848170624E0
1.425647792E1,1.453477478E-1,2.278262329E-1,9.855505371E0
1.426653292E1,1.333726501E-1,2.242337036E-1,9.848470001E0
1.427658792E1,1.333726501E-1,2.266287231E-1,9.852511597E0
1.428664292E1,1.294807434E-1,2.315684509E-1,9.831854553E0
1.429669892E1,1.130149841E-1,2.326162720E-1,9.861642609E0
1.430675392E1,1.094224548E-1,2.360591125E-1,9.778715057E0
1.431680892E1,1.170565796E-1,2.683918762E-1,9.872569885E0
1.432686392E1,1.260379028E-1,3.098556519E-1,9.708660736E0
1.433691992E1,1.688488770E-1,3.486250305E-1,1.009635452E1
1.434697492E1,1.823208618E-1,2.706372070E-1,1.011701157E1
1.435702992E1,1.904040527E-1,1.462458801E-1,9.475745087E0
1.436708492E1,1.770817566E-1,8.861572266E-2,9.864786072E0
1.437714092E1,1.357676697E-1,1.134640503E-1,1.002405487E1
1.438719592E1,9.744735718E-2,1.169068909E-1,9.716743927E0
1.439725092E1,1.008901978E-1,1.622625732E-1,9.893376617E0
1.440730592E1,8.666976929E-2,2.799179077E-1,9.937385101E0
1.441736092E1,9.265731812E-2,3.125500488E-1,9.758357391E0
1.442741692E1,1.321751404E-1,3.293151855E-1,9.837243347E0
1.443747192E1,1.522334290E-1,3.520678711E-1,9.917326813E0
1.444752692E1,1.736389160E-1,2.902464294E-1,9.827962646E0
1.445758192E1,1.905537415E-1,2.435435486E-1,9.839189301E0
1.446763792E1,1.583706665E-1,1.998344421E-1,9.898466034E0
1.447769292E1,1.423539734E-1,1.350192261E-1,9.839937744E0
1.448774792E1,1.240919495E-1,1.196012878E-1,9.824220428E0
1.449780292E1,1.149609375E-1,1.493893433E-1,9.934990082E0
1.450785892E1,9.624984741E-2,1.950444031E-1,9.818831635E0
1.451791392E1,9.475296021E-2,2.363584900E-1,9.817484436E0
1.452796892E1,9.954299927E-2,2.769241333E-1,9.910890198E0
1.453802392E1,1.013392639E-1,3.258723450E-1,9.820927277E0
1.454807992E1,1.098715210E-1,3.251239014E-1,9.859397278E0
1.455813492E1,1.103205872E-1,3.050656128E-1,9.877359924E0
1.456818992E1,1.041833496E-1,2.734812927E-1,9.817634125E0
1.457824492E1,1.261875916E-1,2.221380615E-1,9.862540741E0
1.458829992E1,1.514849854E-1,1.836680603E-1,9.860894165E0
1.459835592E1,1.561253357E-1,1.610650635E-1,9.846074982E0
1.460841092E1,1.760339355E-1,1.528321838E-1,9.864786072E0
1.461846592E1,1.851649475E-1,1.701960754E-1,9.847422180E0
1.462852092E1,1.667532349E-1,2.038760376E-1,9.855804749E0
1.463857692E1,1.549278259E-1,2.493814087E-1,9.877210236E0
1.464863192E1,1.339714050E-1,2.647993469E-1,9.845326538E0
1.465868754E1,1.011895752E-1,2.815644836E-1,9.843679962E0
1.466874254E1,9.520202637E-2,2.827619934E-1,9.860894165E0
1.467879854E1,1.094224548E-1,2.724334717E-1,9.833052063E0
1.468885354E1,1.187031555E-1,2.405497742E-1,9.857301636E0
1.469890854E1,1.350192261E-1,2.257305908E-1,9.865085449E0
1.470896354E1,1.612147522E-1,2.080673218E-1,9.861043854E0
1.471901954E1,1.700463867E-1,2.049238586E-1,9.855056305E0
1.472907454E1,1.701960754E-1,1.975891113E-1,9.863289185E0
1.473912954E1,1.573228455E-1,2.097138977E-1,9.862690430E0
1.474918454E1,1.369651794E-1,2.270777893E-1,9.860894165E0
1.475923954E1,1.152603149E-1,2.466870117E-1,9.852212219E0
1.476929554E1,1.056802368E-1,2.598596191E-1,9.846973114E0
1.477935054E1,9.400451660E-2,2.609074402E-1,9.847122803E0
1.478940554E1,9.969268799E-2,2.496807861E-1,9.850415955E0
1.479946054E1,1.169068909E-1,2.489323425E-1,9.858499146E0
1.480951654E1,1.324745178E-1,2.300715637E-1,9.844278717E0
1.481957154E1,1.456471252E-1,2.134561157E-1,9.854457550E0
1.482962654E1,1.600172424E-1,2.004331970E-1,9.853559418E0
1.483968154E1,1.582209778E-1,1.954934692E-1,9.867630157E0
1.484973754E1,1.531315613E-1,2.026785278E-1,9.856104126E0
1.485979254E1,1.441502380E-1,2.053729248E-1,9.846374359E0
1.486984754E1,1.341210938E-1,2.240840149E-1,9.851763153E0
1.487990254E1,1.303788757E-1,2.435435486E-1,9.857750702E0
1.488995854E1,1.246907043E-1,2.552192688E-1,9.851912842E0
1.490001354E1,1.204994202E-1,2.595602417E-1,9.848320312E0
1.491006854E1,1.240919495E-1,2.514770508E-1,9.852212219E0
1.492012354E1,1.333726501E-1,2.402503967E-1,9.851912842E0
1.493017854E1,1.380130005E-1,2.300715637E-1,9.858199768E0
1.494023454E1,1.375639343E-1,2.155517578E-1,9.867630157E0
1.495028954E1,1.368154907E-1,2.151026917E-1,9.858648834E0
1.496034454E1,1.357676697E-1,2.134561157E-1,9.851014709E0
1.497039954E1,1.357676697E-1,2.142045593E-1,9.858050079E0
1.498045554E1,1.317260742E-1,2.302212524E-1,9.849068756E0
1.499051054E1,1.356179810E-1,2.423460388E-1,9.856253815E0
1.500056554E1,1.407073975E-1,2.417472839E-1,9.847571869E0
1.501062054E1,1.312770081E-1,2.490820312E-1,9.863887939E0
1.502067654E1,1.305285645E-1,2.424957275E-1,9.852810974E0
1.503073154E1,1.386117554E-1,2.356100464E-1,9.853409729E0
1.504078654E1,1.420545959E-1,2.371069336E-1,9.863139496E0
1.505084154E1,1.402583313E-1,2.246827698E-1,9.847571869E0
1.506089754E1,1.366658020E-1,2.210902405E-1,9.857601013E0
1.507095254E1,1.345701599E-1,2.168989563E-1,9.872270508E0
1.508100754E1,1.311273193E-1,2.218386841E-1,9.857900391E0
1.509106254E1,1.309776306E-1,2.222877502E-1,9.852361908E0
1.510111854E1,1.270857239E-1,2.369572449E-1,9.874515839E0
1.511117354E1,1.219963074E-1,2.285746765E-1,9.870623932E0
1.512122854E1,1.169068909E-1,2.269281006E-1,9.860594788E0
1.513128354E1,1.098715210E-1,2.348616028E-1,9.839788055E0
1.514133854E1,1.124162292E-1,2.351609802E-1,9.861193542E0
1.515139454E1,1.058299255E-1,2.460882568E-1,9.854158173E0
1.516144954E1,1.193019104E-1,2.448907471E-1,9.838291168E0
1.517150454E1,1.317260742E-1,2.321672058E-1,9.842632141E0
1.518155954E1,1.484912109E-1,2.210902405E-1,9.848020935E0
1.519161554E1,1.664538574E-1,2.137554932E-1,9.856852570E0
1.520167054E1,1.716929626E-1,2.182461548E-1,9.853559418E0
1.521172554E1,1.621128845E-1,2.177970886E-1,9.867929535E0
1.522178054E1,1.624122620E-1,2.239343262E-1,9.847871246E0
1.523183654E1,1.472937012E-1,2.320175171E-1,9.843979340E0
1.524189154E1,1.261875916E-1,2.454895020E-1,9.863738251E0
1.525194654E1,1.231938171E-1,2.537223816E-1,9.851164398E0
1.526200154E1,1.225950623E-1,2.451901245E-1,9.861043854E0
1.527205754E1,1.218466187E-1,2.442919922E-1,9.854906616E0
1.528211254E1,1.263372803E-1,2.472857666E-1,9.837393036E0
1.529216754E1,1.224453735E-1,2.341131592E-1,9.850715332E0
1.530222254E1,1.374142456E-1,2.252815247E-1,9.858798523E0
1.531227754E1,1.335223389E-1,2.257305908E-1,9.848020935E0
1.532233354E1,1.362167358E-1,2.287243652E-1,9.847721558E0
1.533238854E1,1.341210938E-1,2.275268555E-1,9.861492920E0
1.534244354E1,1.383123779E-1,2.315684509E-1,9.848919067E0
1.535249854E1,1.390608215E-1,2.414479065E-1,9.848769379E0
1.536255454E1,1.330732727E-1,2.402503967E-1,9.851164398E0
1.537260954E1,1.324745178E-1,2.315684509E-1,9.856553192E0
1.538266454E1,1.252894592E-1,2.353106689E-1,9.856702881E0
1.539271954E1,1.297801208E-1,2.276765442E-1,9.844278717E0
1.540277554E1,1.315763855E-1,2.248324585E-1,9.853110352E0
1.541283054E1,1.299298096E-1,2.095642090E-1,9.864935760E0
1.542288554E1,1.435514832E-1,2.064207458E-1,9.855355682E0
1.543294054E1,1.453477478E-1,2.073188782E-1,9.856253815E0
1.544299654E1,1.396595764E-1,2.064207458E-1,9.851763153E0
1.545305154E1,1.457968140E-1,2.070195007E-1,9.854607239E0
1.546310654E1,1.420545959E-1,2.134561157E-1,9.850565643E0
1.547316154E1,1.444496155E-1,2.215393066E-1,9.855655060E0
1.548321754E1,1.308279419E-1,2.332150269E-1,9.851463776E0
1.549327254E1,1.258882141E-1,2.387535095E-1,9.854008484E0
1.550332754E1,1.239422607E-1,2.516267395E-1,9.844578094E0
1.551338254E1,1.157093811E-1,2.600093079E-1,9.749376068E0
1.552343754E1,1.199006653E-1,2.607577515E-1,9.750723267E0
1.553349354E1,1.975891113E-1,2.234852600E-1,1.017374359E1
1.554354854E1,1.604663086E-1,2.246827698E-1,1.000684067E1
1.555360354E1,1.106199646E-1,2.251318359E-1,9.799821167E0
1.556365854E1,1.336720276E-1,1.049317932E-1,9.763746185E0
1.557371454E1,5.182223511E-1,-9.071136475E-2,9.723928986E0
1.558376954E1,1.135089569E0,-5.733078003E-2,9.867181091E0
1.559382454E1,1.782942352E0,3.162922668E-1,9.808652802E0
1.560387954E1,2.376009064E0,1.008303223E0,9.686506805E0
1.561393554E1,5.837860107E-2,6.973997498E-1,1.067834427E1
1.562399054E1,-5.164859619E0,8.649014282E-1,9.023834839E0
1.563404554E1,1.013692017E0,9.497749329E-1,1.062176193E1
1.564410054E1,-1.264869690E-1,-8.198451233E-1,1.002944366E1
1.565415579E1,-1.511556702E0,-3.528163147E-1,1.050560349E1
1.566421079E1,-1.291813660E0,9.743238831E-1,1.018990997E1
1.567426579E1,-1.461111603E0,7.298822021E-1,1.059332108E1
1.568432079E1,-1.994153137E0,5.547463989E-1,1.029798523E1
1.569437679E1,-1.723066864E0,1.613943787E0,9.768536224E0
1.570443179E1,-6.251000977E-1,2.510429535E0,9.583520966E0
1.571448679E1,7.538323975E-1,3.133134613E0,1.027238846E1
1.572454179E1,1.963317261E0,3.794609070E0,1.038091278E1
1.573459679E1,1.940115509E0,4.320914612E0,1.011940659E1
1.574465279E1,1.018781433E0,3.132386169E0,1.136436768E1
1.575470779E1,-3.056643677E-1,1.274300079E0,1.310195435E1
1.576476279E1,-2.303260345E0,1.233285370E0,1.378348709E1
1.577481779E1,-4.843627625E0,2.149530029E0,1.425815002E1
1.578487379E1,-6.857988739E0,2.637066193E0,1.430769699E1
1.579492879E1,-7.128176880E0,3.108735352E0,1.453118225E1
1.580498379E1,-7.216193848E0,3.791315918E0,1.466859650E1
1.581503879E1,-7.346872101E0,3.845952301E0,1.441996353E1
1.582509479E1,-7.116800537E0,2.797981567E0,1.388871826E1
1.583514979E1,-6.975793762E0,2.870730286E0,1.243778549E1
1.584520479E1,-6.957232361E0,3.242257690E0,1.138801849E1
1.585525979E1,-5.700296173E0,3.132386169E0,1.062430664E1
1.586531579E1,-4.119732971E0,3.440146179E0,1.015548157E1
1.587537079E1,-3.899241486E0,4.383035431E0,9.688003693E0
1.588542579E1,-4.448299713E0,5.098098450E0,9.461075592E0
1.589548079E1,-5.329966278E0,5.356610870E0,9.708061981E0
1.590553679E1,-6.442153473E0,4.335135040E0,1.011566437E1
1.591559179E1,-7.828121338E0,3.230282593E0,9.180558929E0
1.592564679E1,-8.582552490E0,2.639760590E0,7.448510742E0
1.593570179E1,-7.884404297E0,2.048639832E0,5.607339478E0
1.594575779E1,-5.722150726E0,2.442171478E0,4.145329742E0
1.595581279E1,-3.959416351E0,4.236939240E0,3.760480042E0
1.596586779E1,-3.133583679E0,5.714366913E0,3.588787079E0
1.597592279E1,-2.593656464E0,6.050567780E0,3.716321869E0
1.598597779E1,-2.369871826E0,5.687123566E0,4.283941498E0
1.599603379E1,-2.374362488E0,4.823419647E0,5.196893005E0
1.600608879E1,-2.645149384E0,3.938609619E0,5.997428284E0
1.601614379E1,-3.048710175E0,3.736529846E0,5.811514893E0
1.602619879E1,-3.073259125E0,4.327051849E0,4.774621124E0
1.603625479E1,-1.989961853E0,4.823269958E0,3.949836273E0
1.604630979E1,-5.972579956E-1,5.320086823E0,3.574117584E0
1.605636479E1,4.933740234E-1,6.298302612E0,3.669319611E0
1.606641979E1,1.695524139E0,6.478228455E0,3.437751160E0
1.607647579E1,2.396217041E0,5.825136566E0,2.639012146E0
1.608653079E1,2.340832214E0,5.560486908E0,1.530716858E0
1.609658579E1,1.768422546E0,5.965993652E0,8.690927124E-1
1.610664079E1,9.301657104E-1,6.736291809E0,1.730401611E0
1.611669679E1,4.364923096E-1,6.955735474E0,3.045566711E0
1.612675179E1,5.351371765E-1,6.897656250E0,3.530258789E0
1.613680679E1,1.208586731E0,6.956483917E0,3.747008057E0
1.614686179E1,1.604663086E0,6.994804230E0,4.025728455E0
1.615691779E1,1.269510040E0,7.008425903E0,4.066144409E0
1.616697279E1,8.511300659E-1,7.110064545E0,3.877237244E0
1.617702779E1,6.988966370E-1,7.399861908E0,3.782484283E0
1.618708279E1,6.008505249E-1,8.087232513E0,3.987258453E0
1.619713879E1,1.015488281E0,8.557704163E0,4.429289246E0
1.620719379E1,1.622775421E0,8.407117310E0,4.961432648E0
1.621724879E1,2.036365356E0,7.861352234E0,5.123096466E0
1.622730379E1,2.036515045E0,7.382647705E0,4.646637268E0
1.623735979E1,1.767075348E0,7.111411743E0,3.702999573E0
1.624741479E1,1.485959930E0,7.084916840E0,3.129841461E0
1.625746979E1,1.219064941E0,7.761809235E0,3.203039246E0
1.626752479E1,1.110690308E0,8.980574799E0,4.316274261E0
1.627757979E1,1.317859497E0,9.762099609E0,5.994883575E0
1.628763579E1,1.299747162E0,9.849966888E0,7.271129608E0
1.629769079E1,7.427554321E-1,9.633067932E0,7.562423859E0
1.630774579E1,5.089416504E-3,9.049880676E0,6.887477417E0
1.631780079E1,-3.701802063E-1,8.330925751E0,5.617518311E0
1.632785679E1,-4.809498596E-1,8.018375702E0,4.304598541E0
1.633791179E1,-9.304650879E-1,8.258925476E0,3.764821014E0
1.634796679E1,-9.388476562E-1,9.094936981E0,4.167483673E0
1.635802179E1,-3.210823059E-1,9.774673462E0,4.920268250E0
1.636807779E1,2.112107849E-1,9.765392761E0,5.623805237E0
1.637813279E1,2.215393066E-1,9.545050964E0,5.976771240E0
1.638818779E1,-1.604663086E-1,9.160201263E0,5.658383331E0
1.639824279E1,-4.320016479E-1,8.548124084E0,4.910538483E0
1.640829879E1,-5.517526245E-1,8.186176758E0,3.905229034E0
1.641835379E1,-7.316784668E-1,8.111033020E0,2.929408264E0
1.642840879E1,-1.038540344E0,8.608748016E0,2.534679108E0
1.643846379E1,-1.352587280E0,9.378746796E0,3.232228546E0
1.644851979E1,-1.690135345E0,9.872120819E0,4.484374695E0
1.645857479E1,-1.812580719E0,1.025143204E1,5.813460846E0
1.646862979E1,-1.707349548E0,9.961484985E0,6.217171326E0
1.647868479E1,-1.326990509E0,9.297166443E0,5.732329559E0
1.648874079E1,-1.204694824E0,8.863817596E0,4.790937195E0
1.649879579E1,-1.290316772E0,8.667126617E0,3.457809448E0
1.650885079E1,-1.263073425E0,8.779093781E0,2.364333344E0
1.651890579E1,-1.047521667E0,8.888965302E0,1.786085815E0
1.652896179E1,-7.126679993E-1,9.047635345E0,1.687291260E0
1.653901679E1,-2.862048340E-1,9.187594299E0,1.831740875E0
1.654907179E1,1.320254517E-1,9.221274261E0,2.364033966E0
1.655912679E1,6.945556641E-1,9.031319275E0,2.937192078E0
1.656918179E1,1.057850189E0,8.988957367E0,3.310515747E0
1.657923779E1,8.011340332E-1,9.201964417E0,3.454366608E0
1.658929279E1,3.656895447E-1,9.258546753E0,3.361858978E0
1.659934779E1,4.326004028E-2,9.162745972E0,3.165916443E0
1.660940279E1,-1.526824951E-1,9.272767181E0,3.046464844E0
1.661945879E1,-2.255809021E-1,9.501491547E0,3.220253448E0
1.662951379E1,-1.574725342E-1,9.336235199E0,3.643722839E0
1.663956879E1,1.419049072E-1,8.943451996E0,3.635340271E0
1.664962379E1,2.008822632E-1,8.822802887E0,3.410058746E0
1.665968096E1,-2.862048340E-1,9.066795502E0,3.276985474E0
1.666973596E1,-8.385562134E-1,9.286538544E0,3.111130371E0
1.667979096E1,-8.650511169E-1,9.148076477E0,3.136727142E0
1.668984596E1,-6.448590088E-1,8.885672150E0,3.312461700E0
1.669990196E1,-4.311035156E-1,8.661588135E0,3.417393494E0
1.670995696E1,-5.822891235E-2,8.715326385E0,6.321055298E0
1.672001196E1,1.068478088E0,9.532776489E0,4.649631042E0
1.673006696E1,2.210303650E0,9.076525269E0,2.137405243E0
1.674012296E1,2.144889679E0,7.221882019E0,2.264640656E0
1.675017796E1,6.210585022E-1,6.448440399E0,1.701811066E0
1.676023296E1,-2.031575317E0,8.473728790E0,1.227896576E0
1.677028796E1,-2.216141510E0,1.535117706E1,7.873477020E0
1.678034396E1,-9.033714294E-1,1.398092651E1,7.854616241E0
1.679039896E1,-1.626068573E0,7.294031982E0,5.054389343E0
1.680045396E1,-3.829336853E0,8.016429749E0,2.274819489E0
1.681050896E1,-3.365002441E0,1.058987823E1,8.180488586E-1
1.682056496E1,-1.384321289E0,9.136700134E0,3.483855286E0
1.683061996E1,-1.118174744E-1,8.736133118E0,4.343517609E0
1.684067496E1,-5.149291992E-2,9.611063690E0,3.264112244E0
1.685072996E1,-4.830455017E-1,9.320966949E0,2.929258575E0
1.686078596E1,-5.566923523E-1,9.087602234E0,3.260669403E0
1.687084096E1,-2.850073242E-1,9.214089203E0,3.613934784E0
1.688089596E1,-2.341131592E-1,9.223220215E0,3.550466766E0
1.689095096E1,-5.203179932E-1,9.179062042E0,3.287912750E0
1.690100596E1,-9.394464111E-1,9.211544495E0,3.198249207E0
1.691106196E1,-1.227746887E0,9.227860565E0,3.323838043E0
1.692111696E1,-1.268462219E0,9.137149200E0,3.538940735E0
1.693117196E1,-1.081800385E0,9.119036865E0,3.629652100E0
1.694122696E1,-8.446934509E-1,9.290729828E0,3.377127228E0
1.695128296E1,-8.393046570E-1,9.195378113E0,3.518732758E0
1.696133796E1,-6.378236389E-1,9.137298889E0,3.193159790E0
1.697139296E1,-5.034031677E-1,9.432035980E0,3.080893250E0
1.698144796E1,-3.863465881E-1,9.291627960E0,3.252286835E0
1.699150396E1,-4.204756165E-1,9.336833954E0,3.418591003E0
1.700155896E1,-6.912625122E-1,9.269773407E0,2.728526001E0
1.701161396E1,-1.000818787E0,9.424401855E0,3.023412781E0
1.702166896E1,-9.523196411E-1,9.011260986E0,3.997287598E0
1.703172496E1,-9.460327148E-1,9.213041382E0,3.646566925E0
1.704177996E1,-8.987310791E-1,9.254056091E0,3.089874573E0
1.705183496E1,-7.641609192E-1,9.256002045E0,2.996319122E0
1.706188996E1,-5.739065552E-1,9.264234924E0,3.349135437E0
1.707194596E1,-4.671784973E-1,9.179062042E0,3.663631439E0
1.708200096E1,-5.069956970E-1,9.268426208E0,3.431913300E0
1.709205596E1,-5.731581116E-1,9.238937531E0,3.182681580E0
1.710211096E1,-5.933660889E-1,9.277856598E0,3.124003601E0
1.711216696E1,-5.688171387E-1,9.269623718E0,3.273243256E0
1.712222196E1,-5.628295898E-1,9.234147491E0,3.382665710E0
1.713227696E1,-6.372248840E-1,9.267528076E0,3.341501312E0
1.714233196E1,-7.270381165E-1,9.246272278E0,3.246898041E0
1.715238796E1,-8.104147339E-1,9.248068542E0,3.270848236E0
1.716244296E1,-8.566685486E-1,9.216633911E0,3.375031586E0
1.717249796E1,-8.628057861E-1,9.208700409E0,3.424279175E0
1.718255296E1,-8.223898315E-1,9.212891693E0,3.369044037E0
1.719260796E1,-7.679031372E-1,9.219927063E0,3.330574036E0
1.720266396E1,-6.899153137E-1,9.238638153E0,3.318449249E0
1.721271896E1,-6.453080750E-1,9.233698425E0,3.325783997E0
1.722277396E1,-6.680607605E-1,9.240135040E0,3.348386993E0
1.723282896E1,-7.255412292E-1,9.257049866E0,3.283272400E0
1.724288496E1,-8.237370300E-1,9.243278503E0,3.271596680E0
1.725293996E1,-8.903485107E-1,9.219777374E0,3.298091583E0
1.726299496E1,-9.021739197E-1,9.221124573E0,3.324885864E0
1.727304996E1,-8.657995605E-1,9.214538269E0,3.356470184E0
1.728310596E1,-7.816744995E-1,9.217382355E0,3.363355865E0
1.729316096E1,-6.617738342E-1,9.221423950E0,3.348836060E0
1.730321596E1,-5.444178772E-1,9.239685974E0,3.356769562E0
1.731327096E1,-4.688250732E-1,9.250164185E0,3.325334930E0
1.732332696E1,-4.715194702E-1,9.261839905E0,3.269650726E0
1.733338196E1,-5.551954651E-1,9.275012512E0,3.280428314E0
1.734343696E1,-6.821315002E-1,9.241332550E0,3.298540649E0
1.735349196E1,-8.292755127E-1,9.244326324E0,3.276237030E0
1.736354796E1,-9.126521301E-1,9.242530060E0,3.269201660E0
1.737360296E1,-8.970845032E-1,9.228010254E0,3.359164581E0
1.738365796E1,-7.882608032E-1,9.209149475E0,3.362308044E0
1.739371296E1,-6.496490479E-1,9.224268036E0,3.331771545E0
1.740376896E1,-5.469625854E-1,9.239685974E0,3.349584503E0
1.741382396E1,-4.984634399E-1,9.269024963E0,3.323239288E0
1.742387896E1,-5.523513794E-1,9.188791809E0,3.366199951E0
1.743393396E1,-6.706054688E-1,9.149423676E0,3.381168823E0
1.744398996E1,-7.834707642E-1,9.211245117E0,3.354973297E0
1.745404496E1,-9.042695618E-1,9.457632751E0,3.286415863E0
1.746409996E1,-8.896000671E-1,9.170230408E0,3.298091583E0
1.747415496E1,-7.741900635E-1,9.056167603E0,3.472928009E0
1.748421096E1,-6.812333679E-1,9.425898743E0,3.181933136E0
1.749426596E1,-6.345304871E-1,9.245972900E0,3.110980682E0
1.750432096E1,-6.256988525E-1,9.173673248E0,3.201841736E0
1.751437596E1,-6.571334839E-1,9.336235199E0,3.390449524E0
1.752443196E1,-7.212002563E-1,9.184151459E0,3.505560150E0
1.753448696E1,-7.923023987E-1,9.165739746E0,3.395838318E0
1.754454196E1,-8.181985474E-1,9.266031189E0,3.302582245E0
1.755459696E1,-7.963439941E-1,9.238937531E0,3.278632050E0
1.756465296E1,-7.479945374E-1,9.219927063E0,3.279829559E0
1.757470796E1,-7.020401001E-1,9.273515625E0,3.326083374E0
1.758476296E1,-6.776408386E-1,9.286388855E0,3.229234772E0
1.759481796E1,-6.616241455E-1,9.240135040E0,3.199297028E0
1.760487396E1,-6.375242615E-1,9.274862823E0,3.312611389E0
1.761492896E1,-6.207591248E-1,9.240284729E0,3.372786255E0
1.762498396E1,-6.203100586E-1,9.194030914E0,3.406915283E0
1.763503896E1,-6.417155457E-1,9.242679749E0,3.351680145E0
1.764509496E1,-6.792874146E-1,9.218280487E0,3.322341156E0
1.765514929E1,-7.259902954E-1,9.214538269E0,3.354524231E0
1.766520429E1,-7.720944214E-1,9.237590332E0,3.378324738E0
1.767525929E1,-7.896080017E-1,9.205556946E0,3.352129211E0
1.768531429E1,-7.798782349E-1,9.231602783E0,3.311862946E0
1.769537029E1,-7.104226685E-1,9.256750488E0,3.288810883E0
1.770542529E1,-6.059399414E-1,9.229956207E0,3.319646759E0
1.771548029E1,-5.284011841E-1,9.254205780E0,3.313359833E0
1.772553529E1,-4.951702881E-1,9.260941772E0,3.278632050E0
1.773559129E1,-5.270539856E-1,9.248816986E0,3.274440765E0
1.774564629E1,-5.902226257E-1,9.254954224E0,3.275787964E0
1.775570129E1,-6.988966370E-1,9.238937531E0,3.290607147E0
1.776575629E1,-7.584727478E-1,9.214687958E0,3.354075165E0
1.777581229E1,-8.038284302E-1,9.221124573E0,3.378923492E0
1.778586729E1,-8.096662903E-1,9.217232666E0,3.330124969E0
1.779592229E1,-8.132588196E-1,9.218280487E0,3.262765045E0
1.780597729E1,-7.824229431E-1,9.243278503E0,3.285068665E0
1.781603329E1,-6.927593994E-1,9.250164185E0,3.315006409E0
1.782608829E1,-6.366261292E-1,9.253457336E0,3.299887848E0
1.783614329E1,-6.483018494E-1,9.250613251E0,3.277883606E0
1.784619829E1,-6.405180359E-1,9.248816986E0,3.288960571E0
1.785625429E1,-6.141728210E-1,9.254205780E0,3.328029327E0
1.786630929E1,-6.360273743E-1,9.239685974E0,3.362308044E0
1.787636429E1,-6.641688538E-1,9.219028931E0,3.399281158E0
1.788641929E1,-6.620732117E-1,9.235494690E0,3.362158356E0
1.789647529E1,-6.571334839E-1,9.242679749E0,3.282374268E0
1.790653029E1,-6.770420837E-1,9.250613251E0,3.266656952E0
1.791658529E1,-6.664141846E-1,9.243128815E0,3.303779755E0
1.792664029E1,-6.535409546E-1,9.256151733E0,3.315754852E0
1.793669629E1,-6.493496704E-1,9.257349243E0,3.285218353E0
1.794675129E1,-6.494993591E-1,9.255253601E0,3.292702789E0
1.795680629E1,-6.307882690E-1,9.248367920E0,3.340752869E0
1.796686129E1,-6.292913818E-1,9.228758698E0,3.338058472E0
1.797691729E1,-6.572831726E-1,9.244176636E0,3.334316254E0
1.798697229E1,-6.939569092E-1,9.239685974E0,3.297343140E0
1.799702729E1,-7.113208008E-1,9.243577881E0,3.304079132E0
1.800708229E1,-7.035369873E-1,9.238937531E0,3.346740417E0
1.801713829E1,-7.053332520E-1,9.241781616E0,3.326831818E0
1.802719329E1,-7.105723572E-1,9.242380371E0,3.297941895E0
1.803724829E1,-7.174580383E-1,9.242230682E0,3.298690338E0
1.804730329E1,-7.096742249E-1,9.237740021E0,3.303630066E0
1.805735929E1,-6.932084656E-1,9.243877258E0,3.339854736E0
1.806741429E1,-6.722520447E-1,9.228010254E0,3.355422363E0
1.807746929E1,-6.718029785E-1,9.230854340E0,3.339255981E0
1.808752429E1,-6.707551575E-1,9.243877258E0,3.288361816E0
1.809758029E1,-6.625222778E-1,9.247918854E0,3.314257965E0
1.810763529E1,-6.638694763E-1,9.224268036E0,3.350183258E0
1.811769029E1,-6.741979980E-1,9.237889709E0,3.333867188E0
1.812774529E1,-6.773414612E-1,9.242080994E0,3.300336914E0
1.813780129E1,-6.948550415E-1,9.246871033E0,3.280578003E0
1.814785629E1,-6.990463257E-1,9.246272278E0,3.298390961E0
1.815791129E1,-7.089257812E-1,9.239536285E0,3.321293335E0
1.816796629E1,-7.117698669E-1,9.237740021E0,3.328777771E0
1.817802229E1,-6.990463257E-1,9.237740021E0,3.323089600E0
1.818807729E1,-6.914122009E-1,9.242230682E0,3.355272675E0
1.819813229E1,-6.593788147E-1,9.233548737E0,3.349285126E0
1.820818729E1,-6.366261292E-1,9.238488464E0,3.345093842E0
1.821824329E1,-6.373745728E-1,9.251212006E0,3.312012634E0
1.822829829E1,-6.595285034E-1,9.250014496E0,3.273842010E0
1.823835329E1,-7.114704895E-1,9.242080994E0,3.293151855E0
1.824840829E1,-7.466473389E-1,9.234297180E0,3.326382751E0
1.825846429E1,-7.674540710E-1,9.230704651E0,3.336112518E0
1.826851929E1,-7.518864441E-1,9.230704651E0,3.320844269E0
1.827857429E1,-6.984475708E-1,9.226962433E0,3.312910767E0
1.828862929E1,-6.477030945E-1,9.240733795E0,3.304228821E0
1.829868529E1,-5.861810303E-1,9.247320099E0,3.339255981E0
1.830874029E1,-5.710624695E-1,9.240434418E0,3.355422363E0
1.831879529E1,-5.930667114E-1,9.250762939E0,3.295397186E0
1.832885029E1,-6.441105652E-1,9.245972900E0,3.276536407E0
1.833890629E1,-7.062313843E-1,9.241182861E0,3.303181000E0
1.834896129E1,-7.484436035E-1,9.246871033E0,3.316353607E0
1.835901629E1,-7.650590515E-1,9.240434418E0,3.313659210E0
1.836907129E1,-7.403604126E-1,9.236692200E0,3.309617615E0
1.837912729E1,-7.152127075E-1,9.240733795E0,3.310515747E0
1.838918229E1,-6.749464417E-1,9.233997803E0,3.341201935E0
1.839923729E1,-6.515950012E-1,9.233249359E0,3.331771545E0
1.840929229E1,-6.611750793E-1,9.245673523E0,3.306324463E0
1.841934729E1,-6.921606445E-1,9.245673523E0,3.317102051E0
1.842940329E1,-6.920109558E-1,9.235494690E0,3.309168549E0
1.843945829E1,-6.810836792E-1,9.250463562E0,3.304977264E0
1.844951329E1,-6.725514221E-1,9.239386597E0,3.337908783E0
1.845956829E1,-6.400689697E-1,9.236692200E0,3.310066681E0
1.846962429E1,-6.280938721E-1,9.254355469E0,3.279081116E0
1.847967929E1,-6.274951172E-1,9.242829437E0,3.345542908E0
1.848973429E1,-6.267466736E-1,9.233099670E0,3.352578278E0
1.849978929E1,-6.697073364E-1,9.245972900E0,3.296145630E0
1.850984529E1,-7.146139526E-1,9.231902161E0,3.286864929E0
1.851990029E1,-7.381150818E-1,9.247469788E0,3.310366058E0
1.852995529E1,-7.348219299E-1,9.232949982E0,3.362607422E0
1.854001029E1,-7.086264038E-1,9.232051849E0,3.333717499E0
1.855006629E1,-6.771917725E-1,9.245224457E0,3.284020844E0
1.856012129E1,-6.405180359E-1,9.245074768E0,3.288661194E0
1.857017629E1,-6.120771790E-1,9.250613251E0,3.315904541E0
1.858023129E1,-6.249504089E-1,9.249415741E0,3.310366058E0
1.859028729E1,-6.511459351E-1,9.247020721E0,3.290906525E0
1.860034229E1,-6.875202942E-1,9.250313873E0,3.285068665E0
1.861039729E1,-7.054829407E-1,9.239536285E0,3.334915009E0
1.862045229E1,-7.165599060E-1,9.240733795E0,3.347638550E0
1.863050829E1,-7.212002563E-1,9.244625702E0,3.313210144E0
1.864056329E1,-6.881190491E-1,9.245074768E0,3.305875397E0
1.865061829E1,-6.481521606E-1,9.253756714E0,3.322191467E0
1.866067267E1,-6.057902527E-1,9.245374146E0,3.316054230E0
1.867072867E1,-6.114784241E-1,9.242530060E0,3.297792206E0
1.868078367E1,-6.508465576E-1,9.247769165E0,3.304528198E0
1.869083867E1,-7.000941467E-1,9.240434418E0,3.304228821E0
1.870089367E1,-7.132667542E-1,9.238488464E0,3.351829834E0
1.871094967E1,-6.620732117E-1,9.221124573E0,3.377875671E0
1.872100467E1,-5.894741821E-1,9.232500916E0,3.355122986E0
1.873105967E1,-5.435197449E-1,9.242829437E0,3.318748627E0
1.874111467E1,-5.971083069E-1,9.257798309E0,3.272494812E0
1.875117067E1,-7.093748474E-1,9.263486481E0,3.251688080E0
1.876122567E1,-8.304730225E-1,9.246571655E0,3.303630066E0
1.877128067E1,-8.845106506E-1,9.233698425E0,3.329376526E0
1.878133567E1,-8.286767578E-1,9.234147491E0,3.294798431E0
1.879139167E1,-7.011419678E-1,9.242979126E0,3.275338898E0
1.880144667E1,-5.839356995E-1,9.264384613E0,3.285517731E0
1.881150167E1,-5.457650757E-1,9.234446869E0,3.317401428E0
1.882155667E1,-6.135740662E-1,9.226812744E0,3.365601196E0
1.883161267E1,-7.232958984E-1,9.217831421E0,3.408711548E0
1.884166767E1,-8.399034119E-1,9.191186829E0,3.445834351E0
1.885172267E1,-8.638536072E-1,9.201515350E0,3.367696838E0
1.886177767E1,-7.714956665E-1,9.252259827E0,3.252436523E0
1.887183367E1,-6.156697083E-1,9.259594574E0,3.250789948E0
1.888188867E1,-5.098397827E-1,9.257349243E0,3.322191467E0
1.889194367E1,-4.959187317E-1,9.279353485E0,3.277883606E0
1.890199867E1,-5.974076843E-1,9.267079010E0,3.234174500E0
1.891205467E1,-7.271878052E-1,9.244925079E0,3.270698547E0
1.892210967E1,-8.334667969E-1,9.219777374E0,3.357368317E0
1.893216467E1,-8.506809998E-1,9.207502899E0,3.404220886E0
1.894221967E1,-7.734416199E-1,9.211245117E0,3.394042053E0
1.895227567E1,-6.277944946E-1,9.232351227E0,3.340902557E0
1.896233067E1,-5.066963196E-1,9.250164185E0,3.312012634E0
1.897238567E1,-4.763095093E-1,9.252708893E0,3.291355591E0
1.898244067E1,-5.495072937E-1,9.265731812E0,3.270848236E0
1.899249667E1,-6.840774536E-1,9.259444885E0,3.279829559E0
1.900255167E1,-8.253836060E-1,9.234746246E0,3.282673645E0
1.901260667E1,-8.819659424E-1,9.239536285E0,3.285966797E0
1.902266167E1,-8.416996765E-1,9.235195312E0,3.311413879E0
1.903271767E1,-7.310797119E-1,9.234596558E0,3.329825592E0
1.904277267E1,-5.939648438E-1,9.234895935E0,3.328029327E0
1.905282767E1,-5.014572144E-1,9.247020721E0,3.316652985E0
1.906288267E1,-4.802014160E-1,9.251062317E0,3.330723724E0
1.907293867E1,-5.391787720E-1,9.236542511E0,3.357368317E0
1.908299367E1,-6.691085815E-1,9.231453094E0,3.373235321E0
1.909304867E1,-8.126600647E-1,9.231602783E0,3.273392944E0
1.910310367E1,-8.870553589E-1,9.245374146E0,3.219205627E0
1.911315967E1,-8.580157471E-1,9.219477997E0,3.357368317E0
1.912321467E1,-7.384144592E-1,9.255253601E0,3.357817383E0
1.913326967E1,-5.794450378E-1,9.244026947E0,3.343596954E0
1.914332467E1,-4.498146057E-1,9.253756714E0,3.285068665E0
1.915338067E1,-4.203259277E-1,9.271419983E0,3.265609131E0
1.916343567E1,-5.096900940E-1,9.245823212E0,3.320395203E0
1.917349067E1,-6.827302551E-1,9.247170410E0,3.326532440E0
1.918354567E1,-8.628057861E-1,9.232051849E0,3.325035553E0
1.919360167E1,-9.288185120E-1,9.217082977E0,3.275338898E0
1.920365667E1,-8.755293274E-1,9.233399048E0,3.377725983E0
1.921371167E1,-7.134164429E-1,9.206455078E0,3.383264465E0
1.922376667E1,-5.721102905E-1,9.273815002E0,3.265908508E0
1.923382267E1,-4.890330505E-1,9.247469788E0,3.279530182E0
1.924387767E1,-4.775070190E-1,9.258097687E0,3.308569794E0
1.925393267E1,-5.617817688E-1,9.243128815E0,3.357368317E0
1.926398767E1,-6.849755859E-1,9.241182861E0,3.327879639E0
1.927404367E1,-7.770341492E-1,9.232800293E0,3.305426331E0
1.928409867E1,-7.806266785E-1,9.227710876E0,3.300037537E0
1.929415367E1,-7.400610352E-1,9.240284729E0,3.334915009E0
1.930420867E1,-6.686595154E-1,9.230554962E0,3.322191467E0
1.931426467E1,-6.150709534E-1,9.257349243E0,3.291804657E0
1.932431967E1,-6.306385803E-1,9.249565430E0,3.322341156E0
1.933437467E1,-6.544390869E-1,9.244476013E0,3.326233063E0
1.934442967E1,-7.089257812E-1,9.230255585E0,3.314856720E0
1.935448567E1,-7.328759766E-1,9.234895935E0,3.302582245E0
1.936454067E1,-7.273374939E-1,9.241482239E0,3.323239288E0
1.937459567E1,-6.976991272E-1,9.231602783E0,3.338507538E0
1.938465067E1,-6.740483093E-1,9.243128815E0,3.324287109E0
1.939470667E1,-6.894662476E-1,9.248966675E0,3.312761078E0
1.940476167E1,-7.764353943E-1,9.252559204E0,3.264860687E0
1.941481667E1,-8.384065247E-1,9.233997803E0,3.292702789E0
1.942487167E1,-9.204359436E-1,9.226513367E0,3.333118744E0
1.943492767E1,-9.668394470E-1,9.224567413E0,3.275937653E0
1.944498267E1,-3.715274048E-1,9.312883759E0,2.931503906E0
1.945503767E1,6.765930176E-2,9.460327148E0,2.698438568E0
1.946509267E1,-2.380050659E-1,9.146280212E0,3.560944977E0
1.947514867E1,-5.641767883E-1,9.155261536E0,3.968397675E0
1.948520367E1,-5.409750366E-1,9.231004028E0,3.820355530E0
1.949525867E1,-3.876937866E-1,9.170679474E0,3.690575409E0
1.950531367E1,-5.833369446E-1,9.136400757E0,3.424578552E0
1.951536967E1,-8.771759033E-1,9.240733795E0,3.376678162E0
1.952542467E1,-1.051712952E0,9.257798309E0,3.141517181E0
1.953547967E1,-1.052910461E0,9.238338776E0,3.038681030E0
1.954553467E1,-8.376580811E-1,9.265432434E0,2.883004761E0
1.955559067E1,-6.815327454E-1,9.320667572E0,3.059787140E0
1.956564567E1,-6.575825500E-1,9.272467804E0,3.355572052E0
1.957570067E1,-8.722361755E-1,9.264384613E0,3.500171356E0
1.958575667E1,-1.035247192E0,9.232800293E0,3.491938477E0
1.959581167E1,-1.026415558E0,9.156159668E0,3.297792206E0
1.960586667E1,-9.068142700E-1,9.218130798E0,3.292253723E0
1.961592167E1,-5.680686951E-1,9.211843872E0,3.561244354E0
1.962597767E1,-4.110452271E-1,9.202862549E0,3.386407928E0
1.963603267E1,-6.725514221E-1,9.284293213E0,3.167712708E0
1.964608767E1,-9.407936096E-1,9.207951965E0,3.338657227E0
1.965614267E1,-7.051835632E-1,9.302255859E0,3.212469635E0
1.966619858E1,-1.820214844E-1,9.270072784E0,3.244203644E0
1.967625358E1,6.436614990E-3,9.246122589E0,3.389701080E0
1.968630858E1,-4.908293152E-1,9.240434418E0,3.414549408E0
1.969636358E1,-1.134790192E0,9.213789825E0,3.411405945E0
1.970641958E1,-1.051862640E0,9.227561188E0,3.293900299E0
1.971647458E1,-4.073030090E-1,9.212442627E0,3.548520813E0
1.972652958E1,-9.639953613E-2,9.188492432E0,3.565735016E0
1.973658458E1,-2.520758057E-1,9.281299438E0,3.241658936E0
1.974664058E1,-5.771997070E-1,9.178912354E0,3.349285126E0
1.975669558E1,-9.056167603E-1,9.208401031E0,3.295397186E0
1.976675058E1,-9.159452820E-1,9.268126831E0,2.926414490E0
1.977680558E1,-3.308120728E-1,9.394164734E0,2.923720093E0
1.978686158E1,5.861810303E-1,9.451645203E0,3.237317963E0
1.979691658E1,9.189390564E-1,9.461674347E0,3.605252838E0
1.980697158E1,1.761836243E-1,9.269923096E0,3.272943878E0
1.981702658E1,-4.302053833E-1,8.969497833E0,3.293002167E0
1.982708258E1,-7.581733704E-1,9.031918030E0,3.816463623E0
1.983713758E1,-1.291514282E0,9.098379822E0,4.083807678E0
1.984719258E1,-1.683998108E0,9.048234100E0,4.287084961E0
1.985724758E1,-2.084415436E0,9.496851196E0,4.985233154E0
1.986730358E1,-2.440075836E0,1.038255936E1,7.390281830E0
1.987735858E1,-7.069798279E-1,1.124656265E1,6.503675537E0
1.988741358E1,1.418749695E0,9.936337280E0,3.316353607E0
1.989746858E1,-1.447489929E0,8.201295319E0,3.592379608E0
1.990752458E1,-4.301155701E0,6.902895355E0,4.304149475E0
1.991757958E1,-5.293741608E0,7.103178864E0,5.283562775E0
1.992763458E1,-5.499413910E0,1.015203873E1,5.033582611E0
1.993768958E1,-3.598367157E0,9.119485931E0,4.178560638E0
1.994774558E1,-2.096689911E0,7.070995789E0,2.604583740E0
1.995780058E1,-2.413580933E0,7.098388824E0,6.450086975E-1
1.996785558E1,-4.169729004E0,7.763605499E0,-3.210823059E-1
1.997791058E1,-5.608986053E0,7.615114288E0,3.023712158E-1
1.998796658E1,-6.260431366E0,7.374115448E0,1.734892273E0
1.999802158E1,-6.051615601E0,7.303911438E0,3.555855560E0
2.000807658E1,-5.529351654E0,6.858437805E0,5.327271881E0
2.001813158E1,-4.735252991E0,6.886130219E0,6.434669037E0
2.002818758E1,-3.536545715E0,7.023095398E0,7.157066803E0
2.003824258E1,-2.301613770E0,6.468798065E0,7.604037323E0
2.004829758E1,-1.680255890E0,5.867947540E0,7.732170868E0
2.005835258E1,-1.146615601E0,5.279371490E0,7.919431458E0
2.006840858E1,-7.991880798E-1,4.900958405E0,8.129295044E0
2.007846358E1,-6.758445740E-1,5.252427521E0,8.314310303E0
2.008851858E1,-3.475772095E-1,5.814808044E0,8.263715515E0
2.009857358E1,3.409909058E-1,5.785918121E0,7.933801575E0
2.010862958E1,9.189390564E-1,5.341492310E0,7.774981842E0
2.011868458E1,9.638456726E-1,4.852459259E0,7.721992035E0
2.012873958E1,7.753875732E-1,4.494254150E0,7.648345184E0
2.013879458E1,1.021326141E0,4.235142975E0,7.502248993E0
2.014885058E1,1.414408722E0,4.360432434E0,7.298522644E0
2.015890558E1,1.347048798E0,4.793032837E0,7.014413452E0
2.016896058E1,8.078700256E-1,5.477559357E0,6.484515381E0
2.017901658E1,2.601589966E-1,5.447920990E0,6.409371643E0
2.018907158E1,2.174977112E-1,4.280798035E0,7.285649414E0
2.019912658E1,-2.363584900E-1,4.956043854E0,7.536976776E0
2.020918158E1,-6.743476868E-1,6.139782257E0,6.868167572E0
2.021923758E1,-7.152127075E-1,5.842500458E0,6.306236115E0
2.022929258E1,-6.400689697E-1,4.958139496E0,5.528603210E0
2.023934758E1,-9.867480469E-1,4.689597931E0,4.583019562E0
2.024940258E1,-2.061063995E0,4.800816650E0,4.399052124E0
2.025945858E1,-3.622616730E0,5.558241577E0,5.064418488E0
2.026951358E1,-4.585564270E0,6.450086975E0,5.564079437E0
2.027956858E1,-4.514013062E0,6.487958221E0,6.051465912E0
2.028962358E1,-4.083508301E0,6.166875916E0,6.587950287E0
2.029967958E1,-3.754193115E0,6.136638794E0,6.691684570E0
2.030973458E1,-3.850442963E0,6.362070007E0,6.501430206E0
2.031978958E1,-4.121678925E0,6.536607056E0,6.710695038E0
2.032984458E1,-5.042414246E0,6.620732117E0,7.716752930E0
2.033990058E1,-6.508016510E0,6.885980530E0,9.075926514E0
2.034995558E1,-7.372618561E0,7.354356537E0,9.884994049E0
2.036001058E1,-6.692283325E0,7.369475098E0,1.012629227E1
2.037006558E1,-5.252427521E0,6.976093140E0,9.924212494E0
2.038012158E1,-4.388274536E0,6.681655426E0,9.457033997E0
2.039017658E1,-4.158801727E0,6.418802032E0,9.087302856E0
2.040023158E1,-4.369563446E0,5.948929138E0,8.878187714E0
2.041028658E1,-5.049150238E0,6.106551361E0,7.694449310E0
2.042034258E1,-5.131628723E0,6.111491089E0,6.470594330E0
2.043039758E1,-4.802463226E0,4.614753571E0,1.057730438E1
2.044045258E1,-4.417014771E0,4.653522949E0,1.015727783E1
2.045050758E1,-3.532653809E0,4.841531982E0,9.486822052E0
2.046056358E1,-2.834206238E0,4.659510498E0,1.032717453E1
2.047061858E1,-2.293231201E0,4.479884033E0,1.068163742E1
2.048067358E1,-1.990410919E0,4.194876709E0,1.059975769E1
2.049072858E1,-1.761087799E0,3.610042877E0,1.052251831E1
2.050078458E1,-1.805844727E0,2.902613983E0,1.051712952E1
2.051083958E1,-2.646945648E0,2.862497406E0,1.044887146E1
2.052089458E1,-3.630849609E0,3.051105194E0,1.025277924E1
2.053094958E1,-4.076772308E0,2.573897552E0,1.019200562E1
2.054100558E1,-3.955674133E0,2.056423645E0,9.674531708E0
2.055106058E1,-3.454965363E0,1.751058655E0,9.045988770E0
2.056111558E1,-2.969824219E0,1.540446625E0,8.620124359E0
2.057117058E1,-2.474504242E0,1.331630859E0,8.450527039E0
2.058122658E1,-1.971999207E0,1.419198761E0,9.672286377E0
2.059128158E1,-6.375242615E-1,1.024319916E0,1.007734406E1
2.060133658E1,3.878434753E-1,1.024768982E0,1.015114059E1
2.061139258E1,8.428971863E-1,1.104702759E-1,1.057221497E1
2.062144758E1,4.128414917E-1,-8.994795227E-1,1.091769653E1
2.063150258E1,-5.037025452E-1,-4.858895874E-1,1.055829391E1
2.064155758E1,-7.741900635E-1,1.448986816E-1,1.032507889E1
2.065161358E1,-7.156617737E-1,7.372169495E-1,1.309925995E1
2.066166954E1,-8.928932190E-1,8.014334106E-1,1.702050568E1
2.067172454E1,-3.552113342E-1,3.540138245E-1,9.631571045E0
2.068177954E1,7.484436035E-4,-2.874023438E-2,9.092541962E0
2.069183554E1,4.504133606E-1,-7.173083496E-1,9.111552429E0
2.070189054E1,9.225315857E-1,-3.896397400E-1,9.626481628E0
2.071194554E1,6.200106812E-1,-1.826202393E-2,9.930798798E0
2.072200054E1,-5.658233643E-2,3.924838257E-1,1.000714005E1
2.073205654E1,1.191522217E-1,3.038681030E-1,9.748927002E0
2.074211154E1,-1.181044006E-1,3.742218018E-2,9.465416565E0
2.075216654E1,-3.171903992E-1,1.257385254E-2,9.351653137E0
2.076222154E1,-2.032772827E-1,-2.305206299E-2,9.424102478E0
2.077227754E1,-3.689826965E-1,-7.364685059E-2,9.194929047E0
2.078233254E1,-4.927752686E-1,-3.034190369E-1,9.220825195E0
2.079238754E1,-5.060975647E-1,-3.010240173E-1,9.485774231E0
2.080244254E1,-4.574487305E-1,3.412902832E-2,1.219469101E1
2.081249854E1,7.759863281E-1,2.128573608E-1,1.257100845E1
2.082255354E1,4.111949158E-1,2.665956116E-1,7.049290924E0
2.083260854E1,-9.026229858E-2,2.285746765E-1,9.458830261E0
2.084266354E1,2.585124207E-1,2.707868958E-1,1.058419006E1
2.085271954E1,2.468367004E-1,3.344046021E-1,9.860894165E0
2.086277454E1,4.465214539E-1,2.570155334E-1,9.829459534E0
2.087282954E1,1.203497314E-1,2.595602417E-1,9.745035095E0
2.088288454E1,1.161584473E-1,2.270777893E-1,9.931397552E0
2.089294054E1,1.453477478E-1,2.079176331E-1,9.949360199E0
2.090299554E1,9.924362183E-2,2.483335876E-1,9.868827667E0
2.091305054E1,-1.429527283E-1,3.150947571E-1,9.273216248E0
2.092310554E1,-6.343807983E-1,3.670367432E-1,9.551337891E0
2.093316154E1,2.098635864E-1,2.353106689E-1,1.039543259E1
2.094321654E1,1.048120422E0,9.580078125E-2,1.053075119E1
2.095327154E1,5.032534790E-1,7.364685059E-2,1.033181488E1
2.096332654E1,1.275347900E-1,1.414558411E-1,9.881102142E0
2.097338254E1,-3.128494263E-2,3.293151855E-1,9.068891144E0
2.098343754E1,-4.221221924E-2,3.128494263E-1,9.038654022E0
2.099349254E1,1.323248291E-1,2.499801636E-1,9.943222961E0
2.100354854E1,1.847158813E-1,2.115101624E-1,1.015278717E1
2.101360354E1,2.189945984E-1,1.957928467E-1,1.023990601E1
2.102365854E1,1.850152588E-1,2.026785278E-1,1.018526962E1
2.103371354E1,1.061293030E-1,2.297721863E-1,9.824370117E0
2.104376954E1,6.571334839E-2,2.456391907E-1,9.619595947E0
2.105382454E1,4.939727783E-2,2.531236267E-1,9.541159058E0
2.106387954E1,9.595046997E-2,2.327659607E-1,9.751172333E0
2.107393454E1,1.426533508E-1,2.139051819E-1,9.945019226E0
2.108399054E1,1.625619507E-1,2.210902405E-1,9.982441406E0
2.109404554E1,1.574725342E-1,2.282752991E-1,9.957443390E0
2.110410054E1,1.401086426E-1,2.411485291E-1,9.918524323E0
2.111415554E1,1.196012878E-1,2.418969727E-1,9.831854553E0
2.112421154E1,1.074765015E-1,2.448907471E-1,9.790839844E0
2.113426654E1,1.086740112E-1,2.380050659E-1,9.804311829E0
2.114432154E1,1.221459961E-1,2.384541321E-1,9.823022919E0
2.115437654E1,1.306782532E-1,2.276765442E-1,9.863139496E0
2.116443254E1,1.329235840E-1,2.163002014E-1,9.879455566E0
2.117448754E1,1.270857239E-1,2.219883728E-1,9.883197784E0
2.118454254E1,1.302291870E-1,2.332150269E-1,9.876761169E0
2.119459754E1,1.258882141E-1,2.363584900E-1,9.858499146E0
2.120465354E1,1.275347900E-1,2.374063110E-1,9.847871246E0
2.121470854E1,1.246907043E-1,2.392025757E-1,9.837093658E0
2.122476354E1,1.240919495E-1,2.383044434E-1,9.847721558E0
2.123481854E1,1.261875916E-1,2.318678284E-1,9.856702881E0
2.124487454E1,1.290316772E-1,2.329156494E-1,9.860295410E0
2.125492954E1,1.246907043E-1,2.417472839E-1,9.815987549E0
2.126498454E1,1.258882141E-1,2.344125366E-1,9.892478485E0
2.127504054E1,1.167572021E-1,2.360591125E-1,9.865534515E0
2.128509554E1,1.184037781E-1,2.321672058E-1,9.770631866E0
2.129515054E1,1.330732727E-1,2.430944824E-1,9.913584595E0
2.130520554E1,1.472937012E-1,2.522254944E-1,9.920470276E0
2.131526154E1,1.658551025E-1,2.423460388E-1,9.785600739E0
2.132531654E1,1.689985657E-1,2.531236267E-1,9.858349457E0
2.133537154E1,1.505868530E-1,2.496807861E-1,9.958341522E0
2.134542654E1,1.389111328E-1,2.318678284E-1,9.763446808E0
2.135548254E1,1.055305481E-1,2.068698120E-1,9.873168640E0
2.136553754E1,8.502319336E-2,1.877096558E-1,9.867779846E0
2.137559254E1,8.906478882E-2,1.782792664E-1,9.830507355E0
2.138564754E1,8.562194824E-2,1.820214844E-1,9.847571869E0
2.139570354E1,9.415420532E-2,2.071691895E-1,9.887089691E0
2.140575854E1,9.789642334E-2,2.291734314E-1,9.842033386E0
2.141581354E1,1.050814819E-1,2.499801636E-1,9.856702881E0
2.142586854E1,1.104702759E-1,2.881507874E-1,9.858798523E0
2.143592454E1,1.321751404E-1,2.778222656E-1,9.840686188E0
2.144597954E1,1.441502380E-1,2.755769348E-1,9.850266266E0
2.145603454E1,1.529818726E-1,2.701881409E-1,9.861941986E0
2.146608954E1,1.550775146E-1,2.412982178E-1,9.857601013E0
2.147614554E1,1.607656860E-1,2.219883728E-1,9.838740234E0
2.148620054E1,1.534309387E-1,2.112107849E-1,9.868528290E0
2.149625554E1,1.389111328E-1,2.040257263E-1,9.852361908E0
2.150631154E1,1.154100037E-1,2.055226135E-1,9.858499146E0
2.151636654E1,9.610015869E-2,2.097138977E-1,9.860295410E0
2.152642154E1,7.604187012E-2,2.228865051E-1,9.841883698E0
2.153647654E1,8.322692871E-2,2.430944824E-1,9.844278717E0
2.154653254E1,7.753875732E-2,2.555186462E-1,9.862391052E0
2.155658754E1,1.011895752E-1,2.591111755E-1,9.845925293E0
2.156664254E1,1.359173584E-1,2.586621094E-1,9.847721558E0
2.157669754E1,1.490899658E-1,2.486329651E-1,9.851912842E0
2.158675354E1,1.610650635E-1,2.323168945E-1,9.861492920E0
2.159680854E1,1.639091492E-1,2.186952209E-1,9.861792297E0
2.160686354E1,1.607656860E-1,2.086660767E-1,9.854607239E0
2.161691854E1,1.471440125E-1,2.206411743E-1,9.854607239E0
2.162697454E1,1.344204712E-1,2.168989563E-1,9.850116577E0
2.163702954E1,1.206491089E-1,2.236349487E-1,9.845027161E0
2.164708454E1,1.019380188E-1,2.342628479E-1,9.857451324E0
2.165713954E1,9.265731812E-2,2.490820312E-1,9.861343231E0
2.166719517E1,8.397537231E-2,2.528242493E-1,9.846374359E0
2.167725017E1,1.008901978E-1,2.493814087E-1,9.856253815E0
2.168730517E1,1.092727661E-1,2.472857666E-1,9.865085449E0
2.169736017E1,1.190025330E-1,2.345622253E-1,9.842781830E0
2.170741617E1,1.321751404E-1,2.278262329E-1,9.862540741E0
2.171747117E1,1.442999268E-1,2.234852600E-1,9.874964905E0
2.172752617E1,1.477427673E-1,2.197430420E-1,9.839788055E0
2.173758117E1,1.431024170E-1,2.203417969E-1,9.855804749E0
2.174763717E1,1.345701599E-1,2.263293457E-1,9.873767395E0
2.175769217E1,1.196012878E-1,2.306703186E-1,9.845176849E0
2.176774717E1,1.136137390E-1,2.427951050E-1,9.856553192E0
2.177780317E1,1.076261902E-1,2.510279846E-1,9.862690430E0
2.178785817E1,1.068777466E-1,2.489323425E-1,9.835596771E0
2.179791317E1,1.104702759E-1,2.418969727E-1,9.842183075E0
2.180796817E1,1.224453735E-1,2.392025757E-1,9.852062531E0
2.181802417E1,1.190025330E-1,2.252815247E-1,9.846823425E0
2.182807917E1,1.356179810E-1,2.234852600E-1,9.851912842E0
2.183813417E1,1.369651794E-1,2.258802795E-1,9.857301636E0
2.184818917E1,1.311273193E-1,2.297721863E-1,9.859996033E0
2.185824517E1,1.167572021E-1,2.339634705E-1,9.862690430E0
2.186830017E1,9.939331055E-2,2.415975952E-1,9.857601013E0
2.187835517E1,9.624984741E-2,2.418969727E-1,9.862540741E0
2.188841017E1,1.091230774E-1,2.390528870E-1,9.853110352E0
2.189846617E1,1.212478638E-1,2.341131592E-1,9.852212219E0
2.190852117E1,1.359173584E-1,2.254312134E-1,9.854607239E0
2.191857617E1,1.508862305E-1,2.284249878E-1,9.851314087E0
2.192863117E1,1.660047913E-1,2.282752991E-1,9.859247589E0
2.193868717E1,1.598675537E-1,2.254312134E-1,9.844278717E0
2.194874217E1,1.580712891E-1,2.336640930E-1,9.846374359E0
2.195879717E1,1.338217163E-1,2.357597351E-1,9.855056305E0
2.196885217E1,1.070274353E-1,2.484832764E-1,9.868977356E0
2.197890817E1,8.307723999E-2,2.541714478E-1,9.853409729E0
2.198896317E1,7.185058594E-2,2.478845215E-1,9.845775604E0
2.199901817E1,7.694000244E-2,2.381547546E-1,9.851613464E0
2.200907317E1,9.580078125E-2,2.303709412E-1,9.833501129E0
2.201912917E1,1.282832336E-1,2.266287231E-1,9.837093658E0
2.202918417E1,1.610650635E-1,2.191442871E-1,9.868677979E0
2.203923917E1,1.648072815E-1,2.258802795E-1,9.852212219E0
2.204929517E1,1.700463867E-1,2.275268555E-1,9.857002258E0
2.205935017E1,1.528321838E-1,2.302212524E-1,9.871372375E0
2.206940517E1,1.357676697E-1,2.299218750E-1,9.849817200E0
2.207946017E1,1.151106262E-1,2.375559998E-1,9.854756927E0
2.208951617E1,1.080752563E-1,2.471360779E-1,9.858050079E0
2.209957117E1,8.996292114E-2,2.504292297E-1,9.853858795E0
2.210962617E1,9.879455566E-2,2.498304749E-1,9.857900391E0
2.211968117E1,1.029858398E-1,2.374063110E-1,9.852212219E0
2.212973717E1,1.190025330E-1,2.228865051E-1,9.844278717E0
2.213979217E1,1.338217163E-1,2.152523804E-1,9.854756927E0
2.214984717E1,1.460961914E-1,2.167492676E-1,9.858948212E0
2.215990217E1,1.514849854E-1,2.151026917E-1,9.860445099E0
2.216995817E1,1.535806274E-1,2.230361938E-1,9.853409729E0
2.218001317E1,1.475930786E-1,2.224374390E-1,9.861941986E0
2.219006817E1,1.372645569E-1,2.344125366E-1,9.851164398E0
2.220012317E1,1.228944397E-1,2.462379456E-1,9.865833893E0
2.221017917E1,1.070274353E-1,2.484832764E-1,9.857151947E0
2.222023417E1,9.400451660E-2,2.474354553E-1,9.846973114E0
2.223028917E1,9.729766846E-2,2.405497742E-1,9.855355682E0
2.224034517E1,1.128652954E-1,2.317181396E-1,9.845925293E0
2.225040017E1,1.200503540E-1,2.203417969E-1,9.839039612E0
2.226045517E1,1.338217163E-1,2.115101624E-1,9.855505371E0
2.227051017E1,1.320254517E-1,2.098635864E-1,9.863738251E0
2.228056617E1,1.389111328E-1,2.134561157E-1,9.859397278E0
2.229062117E1,1.380130005E-1,2.275268555E-1,9.861193542E0
2.230067617E1,1.336720276E-1,2.432441711E-1,9.863139496E0
2.231073117E1,1.157093811E-1,2.513273621E-1,9.858648834E0
2.232078717E1,1.118174744E-1,2.534230042E-1,9.862391052E0
2.233084217E1,1.237925720E-1,2.460882568E-1,9.852661285E0
2.234089717E1,1.276844788E-1,2.489323425E-1,9.850415955E0
2.235095217E1,1.281335449E-1,2.369572449E-1,9.855804749E0
2.236100817E1,1.314266968E-1,2.239343262E-1,9.849517822E0
2.237106317E1,1.336720276E-1,2.143542480E-1,9.853110352E0
2.238111817E1,1.374142456E-1,2.228865051E-1,9.857451324E0
2.239117317E1,1.348695374E-1,2.285746765E-1,9.848919067E0
2.240122917E1,1.320254517E-1,2.305206299E-1,9.881251831E0
2.241128417E1,1.216969299E-1,2.487826538E-1,9.912686462E0
2.242133917E1,1.146615601E-1,2.448907471E-1,9.889784088E0
2.243139517E1,9.729766846E-2,2.558180237E-1,9.856852570E0
2.244145017E1,9.116043091E-2,2.535726929E-1,9.783355408E0
2.245150517E1,8.517288208E-2,2.456391907E-1,9.755662994E0
2.246156017E1,1.074765015E-1,2.333647156E-1,9.841284943E0
2.247161617E1,1.239422607E-1,2.237846375E-1,9.893825684E0
2.248167117E1,1.202000427E-1,2.221380615E-1,9.915081482E0
2.249172617E1,1.225950623E-1,2.377056885E-1,9.906998291E0
2.250178117E1,1.110690308E-1,2.308200073E-1,9.847721558E0
2.251183717E1,1.127156067E-1,2.387535095E-1,9.824669495E0
2.252189217E1,1.068777466E-1,2.463876343E-1,9.802665253E0
2.253194717E1,1.119671631E-1,2.359094238E-1,9.814191284E0
2.254200217E1,1.215472412E-1,2.308200073E-1,9.872719574E0
2.255205817E1,1.204994202E-1,2.389031982E-1,9.880802765E0
2.256211317E1,1.237925720E-1,2.389031982E-1,9.864935760E0
2.257216817E1,1.172062683E-1,2.366578674E-1,9.862690430E0
2.258222317E1,1.190025330E-1,2.305206299E-1,9.829160156E0
2.259227917E1,8.038284302E-2,2.426454163E-1,9.623038788E0
2.260233417E1,2.529739380E-2,2.773731995E-1,9.282946014E0
2.261238917E1,1.395098877E-1,2.291734314E-1,9.821376343E0
2.262244517E1,2.824626160E-1,1.643582153E-1,1.024574387E1
2.263250017E1,3.414399719E-1,1.445993042E-1,1.037806870E1
2.264255517E1,3.152444458E-1,1.441502380E-1,1.032986893E1
2.265261017E1,2.408491516E-1,1.725910950E-1,1.012928604E1
2.266266654E1,1.754351807E-1,2.100132751E-1,9.974507904E0
2.267272154E1,7.035369873E-2,2.213896179E-1,9.608069916E0
2.268277654E1,-7.244934082E-2,2.155517578E-1,8.948990479E0
2.269283154E1,2.829116821E-2,2.222877502E-1,9.466314697E0
2.270288754E1,9.250762939E-2,2.606080627E-1,1.020098694E1
2.271294254E1,1.823208618E-1,3.020718384E-1,1.022598495E1
2.272299754E1,-1.487905884E-1,-2.993774414E-4,9.821226654E0
2.273305254E1,-1.645079041E-1,1.606159973E-1,9.596543884E0
2.274310854E1,-2.103126526E-1,9.280700684E-3,9.850715332E0
2.275316354E1,-3.131488037E-1,-1.115180969E-1,1.002540207E1
2.276321854E1,-2.836601257E-1,-5.777984619E-2,9.826765137E0
2.277327354E1,-4.263134766E-1,7.664062500E-2,9.614207153E0
2.278332954E1,-4.634362793E-1,2.110610962E-1,9.788893890E0
2.279338454E1,-4.285588074E-1,4.670288086E-1,1.003947281E1
2.280343954E1,-4.564009094E-1,6.620732117E-1,9.902807007E0
2.281349554E1,-2.065704346E-1,3.993695068E-1,9.859397278E0
2.282355054E1,-5.770500183E-1,8.575666809E-1,9.913883972E0
2.283360554E1,-2.221380615E-1,1.254840546E0,1.005114853E1
2.284366054E1,8.068222046E-1,5.150788879E-1,1.008497818E1
2.285371654E1,1.176703033E0,-2.104623413E-1,1.052027298E1
2.286377154E1,7.343728638E-1,-7.798782349E-2,1.075124268E1
2.287382654E1,2.769241333E-1,4.071533203E-2,1.006162674E1
2.288388154E1,5.239105225E-1,2.395019531E-3,1.003468277E1
2.289393754E1,3.302133179E-1,-1.945953369E-2,1.028256729E1
2.290399254E1,-1.586700439E-1,3.083587646E-2,1.022987686E1
2.291404754E1,-2.508782959E-1,2.362088013E-1,9.683513031E0
2.292410254E1,2.559677124E-2,4.782554626E-1,9.809850311E0
2.293415854E1,2.198927307E-1,4.400848389E-1,1.013153137E1
2.294421354E1,5.683680725E-1,-4.930746460E-1,9.394464111E0
2.295426854E1,3.841012573E-1,1.002914429E-2,9.562414856E0
2.296432354E1,-3.532653809E-2,1.293460236E0,1.076007431E1
2.297437954E1,-4.222718811E-1,1.678759003E0,1.081920135E1
2.298443454E1,-1.621128845E-1,1.326541443E0,1.091694809E1
2.299448954E1,3.568579102E-1,1.190923462E0,1.230725693E1
2.300454554E1,6.361770630E-1,1.485061798E0,1.246562759E1
2.301460054E1,7.297325134E-1,1.867217102E0,1.181672699E1
2.302465554E1,5.643264771E-1,1.692081299E0,1.155327484E1
2.303471054E1,-1.317260742E-2,1.606309662E0,1.126362717E1
2.304476654E1,-3.222798157E-1,1.844913483E0,1.091350525E1
2.305482154E1,-4.182302856E-1,2.008672943E0,1.097772171E1
2.306487654E1,-6.935078430E-1,2.063908081E0,1.097487762E1
2.307493154E1,-1.220561829E0,2.377655640E0,1.097712296E1
2.308498754E1,-2.143392792E0,2.555934906E0,1.161135406E1
2.309504254E1,-2.972668304E0,2.856659546E0,1.170850204E1
2.310509754E1,-3.553909607E0,2.927013245E0,1.128069168E1
2.311515254E1,-3.666026459E0,2.915337524E0,1.083192490E1
2.312520854E1,-3.108435974E0,3.409459991E0,1.087368805E1
2.313526354E1,-2.922821960E0,4.073928223E0,1.140388550E1
2.314531854E1,-3.568878479E0,4.711302795E0,1.196072754E1
2.315537454E1,-4.133504333E0,5.203778687E0,1.189636139E1
2.316542954E1,-3.973038025E0,5.310357056E0,1.136945709E1
2.317548454E1,-4.339026947E0,5.347629547E0,1.035711227E1
2.318553954E1,-5.048401794E0,5.401367798E0,9.270521851E0
2.319559554E1,-5.443280640E0,5.438939667E0,8.183332672E0
2.320565054E1,-5.476361847E0,5.558840332E0,7.214547272E0
2.321570554E1,-4.533322906E0,4.875361633E0,8.305328979E0
2.322576054E1,-3.730991364E0,2.984493713E0,9.142238617E0
2.323581654E1,-2.835553436E0,2.884651337E0,6.381828918E0
2.324587154E1,-2.239043884E0,3.633993073E0,4.054917755E0
2.325592654E1,-3.441343689E0,3.956721954E0,2.723735962E0
2.326598154E1,-5.377716980E0,4.456382904E0,2.177222443E0
2.327603754E1,-7.602839813E0,5.197491760E0,1.611249390E0
2.328609254E1,-9.280700684E0,6.215524750E0,1.794767761E0
2.329614754E1,-9.325158234E0,7.645351410E0,2.496807861E0
2.330620254E1,-6.100264435E0,8.481811981E0,2.773731995E0
2.331625854E1,-2.092648315E0,8.135581970E0,3.070115662E0
2.332631354E1,-5.233117676E-1,6.829398193E0,2.863994293E0
2.333636854E1,-1.745969238E0,6.087540894E0,1.526675262E0
2.334642454E1,-2.844834137E0,5.803581390E0,5.183720398E-1
2.335647954E1,-4.278103638E0,6.877298584E0,5.990542603E-1
2.336653454E1,-5.070256348E0,7.991581421E0,5.736071777E-1
2.337658954E1,-4.410877533E0,8.489895172E0,1.724114685E0
2.338664554E1,-2.644550629E0,8.668324127E0,3.061433716E0
2.339670054E1,-5.924679565E-1,8.779991913E0,3.966601410E0
2.340675554E1,5.613327026E-1,8.309819641E0,4.717290344E0
2.341681054E1,-1.200503540E-1,7.120093689E0,4.609514465E0
2.342686654E1,-1.879192200E0,6.274801483E0,2.293979645E0
2.343692154E1,-2.161205750E0,6.069129181E0,6.424639893E-1
2.344697654E1,-1.824705505E0,6.329138489E0,4.514611816E-1
2.345703154E1,-1.857038269E0,7.283703461E0,1.812431030E0
2.346708754E1,-1.624721375E0,8.358169098E0,3.242407379E0
2.347714254E1,-1.399439850E0,8.851842499E0,3.633993073E0
2.348719754E1,-1.396446075E0,8.756341095E0,4.074526978E0
2.349725354E1,-1.299747162E0,8.427175598E0,4.531826019E0
2.350730854E1,-1.066083069E0,8.362959137E0,4.874164124E0
2.351736354E1,-5.239105225E-2,8.370443573E0,5.032983856E0
2.352741854E1,2.743794250E-1,8.192912750E0,4.860841827E0
2.353747454E1,-4.466711426E-1,7.985294495E0,4.869972839E0
2.354752954E1,-6.435118103E-1,7.917485504E0,5.112917633E0
2.355758454E1,-5.174739075E-1,8.078999634E0,5.001549225E0
2.356763954E1,-5.968089294E-1,8.274493103E0,5.037474518E0
2.357769554E1,-1.296903076E0,8.376281433E0,5.449866943E0
2.358775054E1,-1.791324921E0,8.647218018E0,5.538332977E0
2.359780554E1,-1.331331482E0,8.764723663E0,5.537285156E0
2.360786054E1,-6.792874146E-1,8.434959412E0,5.592071228E0
2.361791654E1,-3.144960022E-1,8.073311462E0,5.671555939E0
2.362797154E1,-5.334906006E-1,7.965984650E0,5.401068420E0
2.363802654E1,-1.220711517E0,8.166717224E0,5.379513245E0
2.364808254E1,-1.826950836E0,8.609496460E0,5.627547455E0
2.365813754E1,-1.516197052E0,8.807834015E0,5.367538147E0
2.366819196E1,-7.830216980E-1,8.560248871E0,4.977149963E0
2.367824696E1,-7.140151978E-1,8.068521423E0,4.593198395E0
2.368830296E1,-1.111438751E0,7.647297363E0,4.230502625E0
2.369835796E1,-1.076411591E0,7.432494049E0,3.987108765E0
2.370841296E1,-1.039887543E0,7.646698608E0,4.496649170E0
2.371846796E1,-1.461710358E0,8.527317352E0,5.114414520E0
2.372852396E1,-1.684147797E0,9.559121704E0,5.661077728E0
2.373857896E1,-1.270707550E0,9.736053772E0,6.120771790E0
2.374863396E1,-8.906478882E-1,9.055568848E0,5.699098663E0
2.375868896E1,-1.001716919E0,8.370293884E0,4.817881165E0
2.376874496E1,-1.220262451E0,7.866890717E0,3.948189697E0
2.377879996E1,-1.112785950E0,7.669301605E0,3.567980347E0
2.378885496E1,-7.165599060E-1,7.991880798E0,3.452869720E0
2.379891096E1,-6.496490479E-2,8.517288208E0,3.641028442E0
2.380896596E1,2.583627319E-1,8.951834564E0,4.467459869E0
2.381902096E1,4.501139832E-1,9.445358276E0,5.212909698E0
2.382907596E1,5.915698242E-1,9.525441742E0,5.141957245E0
2.383913196E1,4.146377563E-2,9.128467255E0,4.635859680E0
2.384918696E1,-7.985893250E-1,8.670419769E0,4.026776276E0
2.385924196E1,-9.599537659E-1,8.217162323E0,3.500171356E0
2.386929696E1,-5.951623535E-1,7.906258850E0,3.210523682E0
2.387935296E1,-5.809419250E-1,8.016579437E0,3.172053680E0
2.388940796E1,-5.584886169E-1,8.669222260E0,3.580554199E0
2.389946296E1,4.026626587E-2,9.349407806E0,4.254303131E0
2.390951796E1,-1.423539734E-1,9.690847778E0,4.722828827E0
2.391957396E1,-5.825885010E-1,9.634115753E0,4.723577271E0
2.392962896E1,-5.779481506E-1,9.142388306E0,4.580624542E0
2.393968396E1,-6.153703308E-1,8.532855835E0,4.118834839E0
2.394973996E1,-6.840774536E-1,8.167465668E0,4.527485046E0
2.395979496E1,5.477110291E-1,8.505612488E0,4.685406647E0
2.396984996E1,1.508113861E0,1.080872314E1,6.125861206E0
2.397990496E1,-3.561843109E0,1.143202698E1,8.456364899E0
2.398996096E1,5.287304993E0,1.167512146E1,-2.287543030E0
2.400001596E1,-2.112107849E0,7.684719543E0,4.209396515E0
2.401007096E1,-2.055076447E0,7.310497742E0,3.910468140E0
2.402012596E1,-8.966354370E-1,1.045500870E1,2.466570740E0
2.403018196E1,-1.155447235E0,9.572294312E0,3.581901398E0
2.404023696E1,-1.446741486E0,8.477471008E0,3.592229919E0
2.405029196E1,-1.999092865E0,9.434730377E0,2.969375153E0
2.406034696E1,-1.835333405E0,9.473499756E0,3.026107178E0
2.407040296E1,-6.490502930E-1,9.023385773E0,3.469036102E0
2.408045796E1,-1.166075134E-1,9.226962433E0,3.503464508E0
2.409051296E1,-7.243437195E-1,9.334289246E0,3.213517456E0
2.410056896E1,-1.036744080E0,9.203161926E0,3.152444458E0
2.411062396E1,-7.514373779E-1,9.206904144E0,3.335513763E0
2.412067896E1,-4.861889648E-1,9.269324341E0,3.491040344E0
2.413073396E1,-4.378395081E-1,9.262438660E0,3.448528748E0
2.414078996E1,-5.224136353E-1,9.209299164E0,3.265758820E0
2.415084496E1,-3.600013733E-1,9.217532043E0,3.508404236E0
2.416089996E1,-1.197509766E-2,9.217681732E0,3.680995331E0
2.417095496E1,-2.125579834E-1,9.110953674E0,3.557951202E0
2.418101096E1,-5.998027039E-1,9.190438385E0,3.317251740E0
2.419106596E1,-8.719367981E-1,9.278155975E0,3.333118744E0
2.420112096E1,-1.006207581E0,9.244026947E0,3.477568359E0
2.421117596E1,-9.222322083E-1,9.263486481E0,3.413202209E0
2.422123196E1,-5.517526245E-1,9.330696716E0,2.843636627E0
2.423128696E1,-2.300715637E-1,9.585317230E0,2.059118042E0
2.424134196E1,-2.659968567E-1,9.266779633E0,2.925815735E0
2.425139796E1,-2.198927307E-1,9.212442627E0,3.767365723E0
2.426145296E1,-3.382965088E-1,9.229058075E0,4.106111298E0
2.427150796E1,-7.035369873E-1,9.091793518E0,3.668870544E0
2.428156296E1,-1.072220306E0,9.320817261E0,2.842139740E0
2.429161896E1,-1.202449493E0,9.343120880E0,2.762505341E0
2.430167396E1,-1.129700775E0,9.201964417E0,3.358565826E0
2.431172896E1,-9.589059448E-1,9.165889435E0,3.741170197E0
2.432178396E1,-7.728428650E-1,9.227710876E0,3.536396027E0
2.433183996E1,-6.017486572E-1,9.265881500E0,3.156635742E0
2.434189496E1,-4.213737488E-1,9.308692474E0,2.979104919E0
2.435194996E1,-2.924917603E-1,9.315578156E0,3.170257416E0
2.436200596E1,-2.637515259E-1,9.244176636E0,3.406166840E0
2.437206096E1,-3.921844482E-1,9.259444885E0,3.372037811E0
2.438211596E1,-6.206094360E-1,9.277257843E0,3.233725433E0
2.439217096E1,-8.002359009E-1,9.257947998E0,3.195255432E0
2.440222696E1,-8.345146179E-1,9.244026947E0,3.270848236E0
2.441228196E1,-8.378077698E-1,9.253906403E0,3.283721466E0
2.442233696E1,-8.393046570E-1,9.231453094E0,3.287164307E0
2.443239196E1,-7.391629028E-1,9.235644379E0,3.358865204E0
2.444244796E1,-6.367758179E-1,9.226513367E0,3.392844543E0
2.445250296E1,-6.198609924E-1,9.241482239E0,3.373684387E0
2.446255796E1,-6.737489319E-1,9.228758698E0,3.339106293E0
2.447261296E1,-7.902067566E-1,9.242080994E0,3.300935669E0
2.448266896E1,-8.948391724E-1,9.235045624E0,3.290307770E0
2.449272396E1,-9.136999512E-1,9.239087219E0,3.276087341E0
2.450277896E1,-8.402027893E-1,9.246421967E0,3.304677887E0
2.451283496E1,-7.156617737E-1,9.243428192E0,3.330274658E0
2.452288996E1,-5.619314575E-1,9.253906403E0,3.301235046E0
2.453294496E1,-4.623884583E-1,9.263486481E0,3.257226562E0
2.454299996E1,-4.382885742E-1,9.262438660E0,3.234773254E0
2.455305596E1,-4.812492371E-1,9.258247375E0,3.268004150E0
2.456311096E1,-5.791456604E-1,9.244925079E0,3.306773529E0
2.457316596E1,-6.592291260E-1,9.241482239E0,3.333268433E0
2.458322096E1,-6.959028625E-1,9.233099670E0,3.351829834E0
2.459327696E1,-6.776408386E-1,9.245074768E0,3.295546875E0
2.460333196E1,-6.372248840E-1,9.252708893E0,3.251388702E0
2.461338696E1,-6.239025879E-1,9.256301422E0,3.245101776E0
2.462344296E1,-6.352789307E-1,9.262139282E0,3.259621582E0
2.463349796E1,-6.879693604E-1,9.264983368E0,3.285517731E0
2.464355296E1,-7.869136047E-1,9.237590332E0,3.323838043E0
2.465360796E1,-8.542735291E-1,9.180259552E0,3.329077148E0
2.466366417E1,-8.014334106E-1,9.244176636E0,3.312312012E0
2.467371917E1,-6.550378418E-1,9.244925079E0,3.320544891E0
2.468377417E1,-5.587879944E-1,9.201365662E0,3.308420105E0
2.469382917E1,-5.990542603E-1,9.296567688E0,3.263812866E0
2.470388517E1,-5.662724304E-1,9.238338776E0,3.254981232E0
2.471394017E1,-5.685177612E-1,9.244026947E0,3.342848511E0
2.472399517E1,-6.343807983E-1,9.280850372E0,3.338657227E0
2.473405017E1,-7.252418518E-1,9.218430176E0,3.331621857E0
2.474410617E1,-7.463479614E-1,9.235045624E0,3.302582245E0
2.475416117E1,-7.535330200E-1,9.274563446E0,3.284020844E0
2.476421617E1,-7.491920471E-1,9.232800293E0,3.320844269E0
2.477427217E1,-7.447013855E-1,9.241482239E0,3.296894073E0
2.478432717E1,-7.382647705E-1,9.281449127E0,3.247945862E0
2.479438217E1,-7.587721252E-1,9.264983368E0,3.227737885E0
2.480443717E1,-7.765850830E-1,9.247170410E0,3.276386719E0
2.481449317E1,-7.899073792E-1,9.247769165E0,3.335064697E0
2.482454817E1,-7.737409973E-1,9.244476013E0,3.309767303E0
2.483460317E1,-7.494914246E-1,9.237440643E0,3.302731934E0
2.484465917E1,-6.997947693E-1,9.262438660E0,3.273842010E0
2.485471417E1,-6.271957397E-1,9.242230682E0,3.317401428E0
2.486476917E1,-5.381309509E-1,9.236991577E0,3.373534698E0
2.487482417E1,-4.728666687E-1,9.260642395E0,3.337459717E0
2.488488017E1,-4.300556946E-1,9.237590332E0,3.263214111E0
2.489493517E1,-4.198768616E-1,9.255852356E0,3.227588196E0
2.490499017E1,-4.200265503E-1,9.271869049E0,3.200494537E0
2.491504517E1,-4.376898193E-1,9.253157959E0,3.222349091E0
2.492510117E1,-5.131329346E-1,9.253607025E0,3.363056488E0
2.493515617E1,-6.245013428E-1,9.247170410E0,3.321293335E0
2.494521117E1,-7.717950439E-1,9.244026947E0,3.310366058E0
2.495526617E1,-8.653504944E-1,9.243727570E0,3.307971039E0
2.496532217E1,-9.062155151E-1,9.241482239E0,3.278033295E0
2.497537717E1,-8.625064087E-1,9.230405273E0,3.295696564E0
2.498543217E1,-7.473957825E-1,9.249415741E0,3.339705048E0
2.499548817E1,-6.463558960E-1,9.248667297E0,3.283272400E0
2.500554317E1,-5.725593567E-1,9.267677765E0,3.283571777E0
2.501559817E1,-5.596861267E-1,9.259295197E0,3.297492828E0
2.502565317E1,-5.972579956E-1,9.266180878E0,3.258573761E0
2.503570917E1,-6.236032104E-1,9.260043640E0,3.249143372E0
2.504576417E1,-6.337820435E-1,9.255403290E0,3.271896057E0
2.505581917E1,-6.544390869E-1,9.251960449E0,3.313958588E0
2.506587417E1,-7.192543030E-1,9.249266052E0,3.297792206E0
2.507593017E1,-7.976911926E-1,9.259594574E0,3.288361816E0
2.508598517E1,-8.605604553E-1,9.226962433E0,3.325035553E0
2.509604017E1,-8.731343079E-1,9.233698425E0,3.348985748E0
2.510609617E1,-8.613088989E-1,9.231303406E0,3.353177032E0
2.511615117E1,-8.113128662E-1,9.223968658E0,3.324137421E0
2.512620617E1,-7.707472229E-1,9.250164185E0,3.321892090E0
2.513626117E1,-7.250921631E-1,9.244326324E0,3.322191467E0
2.514631717E1,-6.890171814E-1,9.233548737E0,3.350183258E0
2.515637217E1,-6.816824341E-1,9.249565430E0,3.307072906E0
2.516642717E1,-6.483018494E-1,9.249565430E0,3.291056213E0
2.517648217E1,-5.577401733E-1,9.250313873E0,3.297043762E0
2.518653817E1,-5.322930908E-1,9.270072784E0,3.235222321E0
2.519659317E1,-4.977149963E-1,9.278605042E0,3.195255432E0
2.520664817E1,-4.567002869E-1,9.270372162E0,3.245550842E0
2.521670417E1,-4.138893127E-1,9.269923096E0,3.216511230E0
2.522675917E1,-3.888912964E-1,9.268426208E0,3.218606873E0
2.523681417E1,-3.776646423E-1,9.260492706E0,3.282224579E0
2.524686917E1,-4.435276794E-1,9.256750488E0,3.329825592E0
2.525692517E1,-5.839356995E-1,9.253906403E0,3.347488861E0
2.526698017E1,-7.830216980E-1,9.244326324E0,3.350332947E0
2.527703517E1,-9.761201477E-1,9.225315857E0,3.344644775E0
2.528709017E1,-1.098415833E0,9.219028931E0,3.334166565E0
2.529714617E1,-1.093625793E0,9.216334534E0,3.324137421E0
2.530720117E1,-9.927355957E-1,9.229058075E0,3.323987732E0
2.531725617E1,-8.165519714E-1,9.225315857E0,3.328328705E0
2.532731217E1,-6.556365967E-1,9.246122589E0,3.284918976E0
2.533736717E1,-5.393284607E-1,9.263935547E0,3.289110260E0
2.534742217E1,-4.935237122E-1,9.260941772E0,3.268153839E0
2.535747717E1,-4.935237122E-1,9.266330566E0,3.257675629E0
2.536753317E1,-4.999603271E-1,9.254954224E0,3.264411621E0
2.537758817E1,-5.143304443E-1,9.272168427E0,3.229983215E0
2.538764317E1,-5.544470215E-1,9.270671539E0,3.266507263E0
2.539769817E1,-5.911207581E-1,9.245823212E0,3.331621857E0
2.540775417E1,-6.120771790E-1,9.238189087E0,3.301384735E0
2.541780917E1,-6.233038330E-1,9.248517609E0,3.289709015E0
2.542786417E1,-6.321354675E-1,9.243278503E0,3.298091583E0
2.543792017E1,-6.292913818E-1,9.260642395E0,3.282224579E0
2.544797517E1,-6.354286194E-1,9.249415741E0,3.265160065E0
2.545803017E1,-6.662644958E-1,9.258995819E0,3.210972748E0
2.546808517E1,-6.827302551E-1,9.258995819E0,3.252137146E0
2.547814117E1,-7.152127075E-1,9.249715118E0,3.282673645E0
2.548819617E1,-7.426057434E-1,9.253756714E0,3.288810883E0
2.549825117E1,-7.710466003E-1,9.241781616E0,3.257525940E0
2.550830617E1,-7.813751221E-1,9.239536285E0,3.490441589E0
2.551836217E1,-7.647596741E-1,9.210346985E0,3.411705322E0
2.552841717E1,-7.264393616E-1,9.256900177E0,3.273243256E0
2.553847217E1,-6.438111877E-1,9.234746246E0,3.274291077E0
2.554852817E1,-5.830375671E-1,9.248068542E0,3.304079132E0
2.555858317E1,-5.292993164E-1,9.248068542E0,3.318299561E0
2.556863817E1,-4.911286926E-1,9.245823212E0,3.295546875E0
2.557869317E1,-4.728666687E-1,9.273515625E0,3.251089325E0
2.558874917E1,-4.851411438E-1,9.259893951E0,3.241808624E0
2.559880417E1,-5.182223511E-1,9.260642395E0,3.254981232E0
2.560885917E1,-5.830375671E-1,9.260043640E0,3.309018860E0
2.561891417E1,-6.617738342E-1,9.247918854E0,3.322490845E0
2.562897017E1,-7.310797119E-1,9.256750488E0,3.287014618E0
2.563902517E1,-7.750881958E-1,9.244476013E0,3.294199677E0
2.564908017E1,-7.810757446E-1,9.246871033E0,3.319347382E0
2.565913617E1,-7.527845764E-1,9.254056091E0,3.337310028E0
2.566919042E1,-7.138655090E-1,9.237141266E0,3.305576019E0
2.567924542E1,-6.578819275E-1,9.256750488E0,3.293900299E0
2.568930042E1,-6.659651184E-1,9.258696442E0,3.394491119E0
2.569935642E1,-6.911128235E-1,9.226513367E0,3.443589020E0
2.570941142E1,-7.289840698E-1,9.234895935E0,3.291804657E0
2.571946642E1,-7.267387390E-1,9.263037415E0,3.127745819E0
2.572952142E1,-6.402186584E-1,9.280850372E0,3.186723175E0
2.573957742E1,-5.104385376E-1,9.255103912E0,3.341651001E0
2.574963242E1,-4.478686523E-1,9.248068542E0,3.407514038E0
2.575968742E1,-4.472698975E-1,9.254056091E0,3.281775513E0
2.576974342E1,-4.677772522E-1,9.285640411E0,3.181933136E0
2.577979842E1,-5.066963196E-1,9.268725586E0,3.181184692E0
2.578985342E1,-5.399272156E-1,9.271270294E0,3.309617615E0
2.579990842E1,-6.044430542E-1,9.243128815E0,3.330873413E0
2.580996442E1,-6.610253906E-1,9.264234924E0,3.277135162E0
2.582001942E1,-6.694079590E-1,9.251810760E0,3.326083374E0
2.583007442E1,-6.625222778E-1,9.244026947E0,3.276686096E0
2.584012942E1,-5.812413025E-1,9.271569672E0,3.222349091E0
2.585018542E1,-4.796026611E-1,9.258696442E0,3.257825317E0
2.586024042E1,-3.833528137E-1,9.270821228E0,3.264411621E0
2.587029542E1,-3.236270142E-1,9.269923096E0,3.292403412E0
2.588035142E1,-3.417393494E-1,9.273515625E0,3.204835510E0
2.589040642E1,-4.025129700E-1,9.281449127E0,3.178639984E0
2.590046142E1,-4.981640625E-1,9.258846130E0,3.212469635E0
2.591051642E1,-5.843847656E-1,9.264833679E0,3.305875397E0
2.592057242E1,-6.460565186E-1,9.237290955E0,3.343447266E0
2.593062742E1,-6.966513062E-1,9.253008270E0,3.273392944E0
2.594068242E1,-7.123686218E-1,9.257947998E0,3.306773529E0
2.595073742E1,-7.053332520E-1,9.233698425E0,3.303480377E0
2.596079342E1,-7.152127075E-1,9.272767181E0,3.308420105E0
2.597084842E1,-7.366181946E-1,9.226663055E0,3.388653259E0
2.598090342E1,-7.668553162E-1,9.253008270E0,3.305276642E0
2.599095942E1,-7.755372620E-1,9.255253601E0,3.270698547E0
2.600101442E1,-7.755372620E-1,9.251511383E0,3.346141663E0
2.601106942E1,-7.520361328E-1,9.248367920E0,3.366649017E0
2.602112442E1,-7.586224365E-1,9.245523834E0,3.368145905E0
2.603118042E1,-7.517367554E-1,9.253457336E0,3.313808899E0
2.604123542E1,-6.920109558E-1,9.251361694E0,3.269800415E0
2.605129042E1,-5.905220032E-1,9.262738037E0,3.269351349E0
2.606134542E1,-4.796026611E-1,9.270072784E0,3.281476135E0
2.607140142E1,-4.087998962E-1,9.270072784E0,3.238216095E0
2.608145642E1,-3.950285339E-1,9.268276520E0,3.225492554E0
2.609151142E1,-4.174818420E-1,9.272767181E0,3.250041504E0
2.610156742E1,-4.770579529E-1,9.265731812E0,3.304827576E0
2.611162242E1,-5.677693176E-1,9.243727570E0,3.264112244E0
2.612167742E1,-6.370751953E-1,9.254505157E0,3.254532166E0
2.613173242E1,-6.727011108E-1,9.251062317E0,3.326382751E0
2.614178842E1,-6.644682312E-1,9.238189087E0,3.340154114E0
2.615184342E1,-6.517446899E-1,9.252110138E0,3.340752869E0
2.616189842E1,-6.364764404E-1,9.255253601E0,3.301235046E0
2.617195342E1,-6.433621216E-1,9.265731812E0,3.255879364E0
2.618200942E1,-6.201603699E-1,9.253607025E0,3.263812866E0
2.619206442E1,-5.740562439E-1,9.260642395E0,3.287613373E0
2.620211942E1,-5.478607178E-1,9.259444885E0,3.281775513E0
2.621217542E1,-5.703140259E-1,9.272916870E0,3.292403412E0
2.622223042E1,-6.218069458E-1,9.260492706E0,3.284619598E0
2.623228542E1,-6.758445740E-1,9.257199554E0,3.314108276E0
2.624234042E1,-7.138655090E-1,9.242530060E0,3.315605164E0
2.625239642E1,-7.417076111E-1,9.244176636E0,3.313659210E0
2.626245142E1,-7.026388550E-1,9.234446869E0,3.330274658E0
2.627250642E1,-6.276448059E-1,9.243727570E0,3.311713257E0
2.628256242E1,-5.263055420E-1,9.252858582E0,3.229683838E0
2.629261742E1,-4.608915710E-1,9.260792084E0,3.249742126E0
2.630267242E1,-4.246669006E-1,9.259145508E0,3.259022827E0
2.631272742E1,-4.490661621E-1,9.261989594E0,3.289559326E0
2.632278342E1,-5.313949585E-1,9.258846130E0,3.287613373E0
2.633283842E1,-6.444099426E-1,9.261091461E0,3.277284851E0
2.634289342E1,-7.158114624E-1,9.253307648E0,3.264710999E0
2.635294842E1,-7.441026306E-1,9.241482239E0,3.318000183E0
2.636300442E1,-7.295828247E-1,9.233698425E0,3.369343414E0
2.637305942E1,-6.987469482E-1,9.242230682E0,3.325783997E0
2.638311442E1,-6.596781921E-1,9.252858582E0,3.276087341E0
2.639317042E1,-5.882766724E-1,9.252409515E0,3.273392944E0
2.640322542E1,-5.403762817E-1,9.254355469E0,3.311862946E0
2.641328042E1,-5.243595886E-1,9.257199554E0,3.318299561E0
2.642333542E1,-5.625302124E-1,9.265731812E0,3.273093567E0
2.643339142E1,-6.459068298E-1,9.264384613E0,3.244952087E0
2.644344642E1,-7.044351196E-1,9.260642395E0,3.244353333E0
2.645350142E1,-7.453001404E-1,9.253906403E0,3.325185242E0
2.646355742E1,-7.373666382E-1,9.235644379E0,3.374732208E0
2.647361242E1,-7.384144592E-1,9.235195312E0,3.329376526E0
2.648366742E1,-7.003935242E-1,9.240733795E0,3.263064423E0
2.649372242E1,-6.439608765E-1,9.246421967E0,3.228935394E0
2.650377842E1,-5.887257385E-1,9.250014496E0,3.281476135E0
2.651383342E1,-5.619314575E-1,9.259145508E0,3.336860962E0
2.652388842E1,-6.273454285E-1,9.256002045E0,3.317700806E0
2.653394342E1,-7.188052368E-1,9.257798309E0,3.277135162E0
2.654399942E1,-7.505392456E-1,9.256600800E0,3.254382477E0
2.655405442E1,-6.982978821E-1,9.254355469E0,3.306773529E0
2.656410942E1,-5.881269836E-1,9.241033173E0,3.395988007E0
2.657416542E1,-4.704716492E-1,9.258846130E0,3.348686371E0
2.658422042E1,-4.064048767E-1,9.271569672E0,3.231629791E0
2.659427542E1,-3.847000122E-1,9.268575897E0,3.170107727E0
2.660433042E1,-3.752696228E-1,9.261540527E0,3.210823059E0
2.661438642E1,-4.206253052E-1,9.253008270E0,3.287313995E0
2.662444142E1,-5.072950745E-1,9.224567413E0,3.337310028E0
2.663449642E1,-6.568341064E-1,9.260193329E0,3.325634308E0
2.664455142E1,-8.342152405E-1,9.243428192E0,3.330574036E0
2.665460742E1,-9.644444275E-1,9.210346985E0,3.358715515E0
2.666466304E1,-1.024768982E0,9.261241150E0,3.329526215E0
2.667471804E1,-1.002764740E0,9.241482239E0,3.315605164E0
2.668477404E1,-8.851094055E-1,9.228010254E0,3.293900299E0
2.669482904E1,-7.120692444E-1,9.263785858E0,3.312611389E0
2.670488404E1,-5.514532471E-1,9.252708893E0,3.339106293E0
2.671493904E1,-4.397854614E-1,9.245074768E0,3.292852478E0
2.672499504E1,-3.619473267E-1,9.259145508E0,3.201392670E0
2.673505004E1,-2.639012146E-1,9.275910645E0,3.162623291E0
2.674510504E1,-2.260299683E-1,9.263785858E0,3.268004150E0
2.675516104E1,-2.710862732E-1,9.261241150E0,3.295397186E0
2.676521604E1,-3.556604004E-1,9.281449127E0,3.303330688E0
2.677527104E1,-4.707710266E-1,9.251212006E0,3.315156097E0
2.678532604E1,-5.896238708E-1,9.277108154E0,3.227737885E0
2.679538204E1,-6.887178040E-1,9.262139282E0,3.238515472E0
2.680543704E1,-7.509883118E-1,9.239685974E0,3.310515747E0
2.681549204E1,-8.063731384E-1,9.255702667E0,3.298840027E0
2.682554704E1,-8.430468750E-1,9.238039398E0,3.294049988E0
2.683560304E1,-8.604107666E-1,9.233997803E0,3.366349640E0
2.684565804E1,-8.882528687E-1,9.228459320E0,3.410058746E0
2.685571304E1,-8.884025574E-1,9.242380371E0,3.413351898E0
2.686576904E1,-9.096583557E-1,9.228010254E0,3.349434814E0
2.687582404E1,-8.858578491E-1,9.248816986E0,3.277584229E0
2.688587904E1,-7.644602966E-1,9.238189087E0,3.326083374E0
2.689593404E1,-5.791456604E-1,9.260941772E0,3.344046021E0
2.690599004E1,-4.125421143E-1,9.273815002E0,3.306773529E0
2.691604504E1,-3.118016052E-1,9.260492706E0,3.169059906E0
2.692610004E1,-2.615061951E-1,9.295669556E0,3.073408813E0
2.693615604E1,-2.595602417E-1,9.269174652E0,3.179089050E0
2.694621104E1,-3.784130859E-1,9.247320099E0,3.383563843E0
2.695626604E1,-5.752537537E-1,9.238488464E0,3.364553375E0
2.696632104E1,-7.589218140E-1,9.244476013E0,3.274440765E0
2.697637704E1,-8.366102600E-1,9.233249359E0,3.340752869E0
2.698643204E1,-8.249345398E-1,9.231902161E0,3.339255981E0
2.699648704E1,-7.494914246E-1,9.251511383E0,3.325634308E0
2.700654304E1,-6.779402161E-1,9.248517609E0,3.281176758E0
2.701659804E1,-6.219566345E-1,9.271869049E0,3.227139130E0
2.702665304E1,-5.896238708E-1,9.272467804E0,3.233725433E0
2.703670804E1,-5.745053101E-1,9.266929321E0,3.220552826E0
2.704676404E1,-5.578898621E-1,9.262588348E0,3.304977264E0
2.705681904E1,-5.665718079E-1,9.222621460E0,3.373085632E0
2.706687404E1,-7.680528259E-1,9.202263794E0,3.305576019E0
2.707692904E1,-1.106798401E0,9.265731812E0,3.005450134E0
2.708698504E1,-1.263971558E0,9.364376678E0,3.084485779E0
2.709704004E1,-1.011446686E0,9.021140442E0,4.030518494E0
2.710709504E1,-6.316864014E-2,9.335786133E0,3.412902832E0
2.711715104E1,9.349557495E-1,9.348509674E0,2.782264252E0
2.712720604E1,5.947132874E-1,9.238937531E0,2.989283752E0
2.713726104E1,-2.064207458E-1,9.265282745E0,3.607049103E0
2.714731604E1,-9.178912354E-1,9.248517609E0,3.835324402E0
2.715737204E1,-1.414408722E0,9.229956207E0,3.414250031E0
2.716742704E1,-1.394500122E0,9.222322083E0,3.187920685E0
2.717748204E1,-1.373094635E0,9.213640137E0,3.198847961E0
2.718753804E1,-1.219963074E0,9.205706635E0,3.166964264E0
2.719759304E1,-8.622070313E-1,9.213490448E0,3.307222595E0
2.720764804E1,-6.466552734E-1,9.246871033E0,3.286565552E0
2.721770304E1,-4.644841003E-1,9.298363953E0,3.159629517E0
2.722775904E1,-2.808160400E-1,9.295669556E0,3.308869171E0
2.723781404E1,-2.163002014E-1,9.268126831E0,3.404220886E0
2.724786904E1,-3.939807129E-1,9.287436676E0,3.358266449E0
2.725792404E1,-7.939489746E-1,9.226962433E0,3.296594696E0
2.726798004E1,-9.945318604E-1,9.216933289E0,3.287164307E0
2.727803504E1,-8.569679260E-1,9.210047607E0,3.365750885E0
2.728809004E1,-5.116360474E-1,9.218130798E0,3.497626648E0
2.729814604E1,-1.887574768E-1,9.227860565E0,3.492537231E0
2.730820104E1,-3.722758484E-1,9.294172668E0,3.277883606E0
2.731825604E1,-7.406597900E-1,9.312285004E0,3.246598663E0
2.732831104E1,-8.589138794E-1,9.276958466E0,3.131488037E0
2.733836704E1,-9.036708069E-1,9.257199554E0,3.085683289E0
2.734842204E1,-7.779322815E-1,9.265731812E0,3.177143097E0
2.735847704E1,-6.219566345E-1,9.245074768E0,3.251089325E0
2.736853304E1,-4.586462402E-1,9.265133057E0,3.454366608E0
2.737858804E1,-4.596940613E-1,9.229806519E0,3.423381042E0
2.738864304E1,-5.915698242E-1,9.286089478E0,3.145858154E0
2.739869804E1,-5.376818848E-1,9.278754730E0,3.043022003E0
2.740875404E1,-4.249662781E-1,9.255702667E0,3.205434265E0
2.741880904E1,5.763015747E-2,9.253457336E0,3.569177856E0
2.742886404E1,2.083666992E-1,9.319470062E0,3.825444946E0
2.743892004E1,-6.213578796E-1,9.261390839E0,3.445385284E0
2.744897504E1,-1.350341949E0,9.277108154E0,2.807561646E0
2.745903004E1,-1.303788757E0,9.290131073E0,2.644251251E0
2.746908504E1,-7.192543030E-1,9.252409515E0,3.045417023E0
2.747914104E1,-3.156935120E-1,9.268276520E0,3.404220886E0
2.748919604E1,-4.722679138E-1,9.275162201E0,3.376378784E0
2.749925104E1,-8.518785095E-1,9.253008270E0,3.101400604E0
2.750930604E1,-9.345066833E-1,9.301956482E0,2.917582855E0
2.751936204E1,-5.915698242E-1,9.320966949E0,3.222049713E0
2.752941704E1,-1.402583313E-1,9.356892242E0,3.479514313E0
2.753947204E1,1.520837402E-1,9.296567688E0,3.436553650E0
2.754952804E1,1.896556091E-1,9.231602783E0,3.159030762E0
2.755958304E1,-1.076261902E-1,9.243877258E0,3.101101227E0
2.756963804E1,-8.074209595E-1,9.253008270E0,2.943329315E0
2.757969304E1,-1.182690582E0,9.234746246E0,3.164569244E0
2.758974904E1,-9.704319763E-1,9.253157959E0,3.694317627E0
2.759980404E1,-5.990542603E-1,9.351054382E0,3.866908722E0
2.760985904E1,-4.565505981E-1,9.306447144E0,3.484454041E0
2.761991504E1,-2.757266235E-1,9.258995819E0,3.148253174E0
2.762997004E1,-2.715353394E-1,9.234297180E0,3.084635468E0
2.764002504E1,-6.732998657E-1,9.310339050E0,2.907254333E0
2.765008004E1,-9.973759460E-1,9.270222473E0,2.807861023E0
2.766013604E1,-1.018931122E0,9.237141266E0,2.893782349E0
2.767019104E1,-8.792715454E-1,9.233249359E0,3.409160614E0
2.768024604E1,-6.252497864E-1,9.088500366E0,4.286037140E0
2.769030204E1,-1.017284546E0,8.868607635E0,4.878205719E0
2.770035704E1,-2.124532013E0,9.339678040E0,7.099137268E0
2.771041204E1,-2.711012421E0,1.087847809E1,8.061186676E0
2.772046704E1,4.421804810E-1,1.223420883E1,1.876647491E0
2.773052304E1,3.383863220E0,1.003647903E1,3.075205078E0
2.774057804E1,7.337741089E-1,8.213270416E0,6.627617798E0
2.775063304E1,-2.336640930E0,8.939111023E0,3.642375641E0
2.776068904E1,-3.257825317E0,9.358838196E0,3.753744049E0
2.777074404E1,-3.124452667E0,9.611213379E0,2.302212524E0
2.778079904E1,-2.529739380E0,9.423952789E0,1.554966431E0
2.779085404E1,-1.758842468E0,8.974587250E0,1.528321838E0
2.780091004E1,-7.258406067E-1,8.894803162E0,1.157842255E0
2.781096504E1,-5.179229736E-1,8.526718597E0,2.467468872E0
2.782102004E1,-1.553768921E0,8.471633148E0,2.214644623E0
2.783107504E1,-2.006427612E0,8.823102264E0,2.432741089E0
2.784113104E1,-2.068698120E0,8.771459656E0,4.314028931E0
2.785118604E1,-2.019600220E0,9.048533478E0,5.360053711E0
2.786124104E1,-2.218686218E0,9.507928162E0,6.550677795E0
2.787129704E1,-2.348915405E0,9.066645813E0,7.614515533E0
2.788135204E1,-1.656156006E0,8.099057922E0,7.512278137E0
2.789140704E1,-9.036708069E-1,7.232958984E0,6.453978882E0
2.790146204E1,-8.556207275E-1,6.561305695E0,5.580545197E0
2.791151804E1,-1.008153534E0,6.343658295E0,5.602250061E0
2.792157304E1,-1.060993652E0,7.320676575E0,6.300697632E0
2.793162804E1,-4.668791199E-1,7.890391846E0,7.130272522E0
2.794168404E1,5.771997070E-1,7.375163269E0,7.504344635E0
2.795173904E1,1.468446350E0,6.358327789E0,7.576045532E0
2.796179404E1,1.784289551E0,5.628445587E0,7.405999146E0
2.797184904E1,1.583407288E0,5.084027710E0,6.940616913E0
2.798190504E1,9.746232605E-1,4.590054932E0,6.340365143E0
2.799196004E1,6.515950012E-1,3.683989105E0,5.624853058E0
2.800201504E1,7.628137207E-1,2.860102386E0,4.789290619E0
2.801207104E1,2.745291138E-1,3.292852478E0,4.471052399E0
2.802212604E1,-1.122366028E0,5.540129242E0,4.719535675E0
2.803218104E1,-1.814676361E0,7.226222992E0,5.433401184E0
2.804223604E1,-1.142274628E0,7.201823730E0,6.519392853E0
2.805229204E1,5.837860107E-1,6.003266144E0,7.615263977E0
2.806234704E1,2.778372345E0,4.563709717E0,7.569758606E0
2.807240204E1,3.998036041E0,3.273692322E0,6.661148071E0
2.808245804E1,3.283571777E0,2.753823395E0,5.482050018E0
2.809251304E1,1.311871948E0,3.221450958E0,4.648433533E0
2.810256804E1,-1.284778290E0,4.684807892E0,4.527485046E0
2.811262304E1,-3.556604004E0,6.251899109E0,4.788841553E0
2.812267904E1,-4.542304230E0,6.910080414E0,5.010081482E0
2.813273404E1,-3.913012848E0,6.473438416E0,5.584287415E0
2.814278904E1,-2.527943115E0,5.504203949E0,6.114335175E0
2.815284404E1,-1.626667328E0,4.672383728E0,6.216722260E0
2.816290004E1,-2.240540771E0,4.466262360E0,5.926625519E0
2.817295504E1,-4.068689117E0,4.812941437E0,6.035748596E0
2.818301004E1,-6.275549927E0,5.906417542E0,6.846762085E0
2.819306604E1,-7.161108398E0,7.159012756E0,7.927814026E0
2.820312104E1,-6.420747986E0,7.257358246E0,8.947792969E0
2.821317604E1,-4.660708008E0,6.484964447E0,9.646240540E0
2.822323104E1,-3.229534149E0,5.441634064E0,1.000459534E1
2.823328704E1,-2.804867249E0,4.755760345E0,1.020248383E1
2.824334204E1,-3.237916718E0,4.318669281E0,1.047282166E1
2.825339704E1,-4.519551544E0,4.251758423E0,1.024349854E1
2.826345304E1,-5.778283997E0,4.748275909E0,1.020802231E1
2.827350804E1,-6.276597748E0,5.233716431E0,1.082189575E1
2.828356304E1,-5.669759674E0,5.587430878E0,1.155028107E1
2.829361804E1,-4.201163635E0,5.276677094E0,1.208407104E1
2.830367404E1,-2.502046967E0,4.287534027E0,1.235261261E1
2.831372904E1,-1.600022736E0,3.079396362E0,1.224244171E1
2.832378404E1,-1.935924225E0,2.097288666E0,1.185863983E1
2.833384004E1,-2.552042999E0,1.506018219E0,1.152228928E1
2.834389504E1,-3.391197968E0,1.933229828E0,1.139206009E1
2.835395004E1,-3.751648407E0,2.506537628E0,1.163305893E1
2.836400504E1,-3.181484070E0,2.744393005E0,1.189142166E1
2.837406104E1,-2.029629364E0,2.508184204E0,1.191552155E1
2.838411604E1,-7.432044983E-1,1.872306519E0,1.196851135E1
2.839417104E1,1.541793823E-2,1.408121796E0,1.179606995E1
2.840422704E1,-3.233276367E-2,8.554710388E-1,1.141047180E1
2.841428204E1,-3.095562744E-1,4.340972900E-1,1.082473984E1
2.842433704E1,-4.613406372E-1,1.163081360E-1,1.010728180E1
2.843439204E1,-4.478686523E-1,-3.652404785E-2,9.419761505E0
2.844444804E1,-1.794767761E-1,7.274871826E-2,8.694819031E0
2.845450304E1,-2.589614868E-2,4.942721558E-1,8.293952637E0
2.846455804E1,-5.284011841E-1,1.365909576E0,7.010371857E0
2.847461404E1,-1.395098877E0,2.788251801E0,1.057176590E1
2.848466904E1,-2.395318909E0,1.149010620E0,1.212643295E1
2.849472404E1,-1.080453186E0,-5.147795105E-1,1.072624466E1
2.850477904E1,1.669029236E-1,-3.861968994E-2,1.110585526E1
2.851483504E1,-1.704954529E-1,4.165837097E-1,1.469269638E1
2.852489004E1,2.529739380E-1,3.568579102E-1,1.229558121E1
2.853494504E1,-2.484832764E-2,2.399510193E-1,8.475075989E0
2.854500104E1,-5.640270996E-1,2.559677124E-2,1.001761826E1
2.855505604E1,-7.940986633E-1,6.271957397E-2,9.746831360E0
2.856511104E1,-4.578977966E-1,1.571731567E-1,9.610614624E0
2.857516604E1,-2.948867798E-1,3.852987671E-1,9.816885681E0
2.858522204E1,-2.543211365E-1,3.435356140E-1,9.785750427E0
2.859527704E1,-2.345622253E-1,3.538641357E-1,9.616901550E0
2.860533204E1,-1.299298096E-1,2.058219910E-1,9.677974548E0
2.861538804E1,9.340576172E-2,-1.188528442E-1,9.867929535E0
2.862544304E1,-1.137634277E-2,-1.477427673E-1,9.683063965E0
2.863549804E1,-1.038839722E-1,1.107696533E-2,9.848320312E0
2.864555304E1,1.990859985E-1,5.900729370E-1,1.098640366E1
2.865560904E1,2.362088013E-1,4.007167053E-1,1.071636520E1
2.866566379E1,5.688171387E-3,2.411485291E-1,9.619895325E0
2.867571879E1,3.353027344E-2,2.935395813E-1,9.751022644E0
2.868577479E1,-4.939727783E-3,2.180964661E-1,9.631121979E0
2.869582979E1,1.654060364E-1,2.011816406E-1,1.014021332E1
2.870588479E1,1.805245972E-1,2.785707092E-1,9.953401794E0
2.871593979E1,-3.817062378E-2,3.126997375E-1,9.319769440E0
2.872599579E1,8.038284302E-2,2.490820312E-1,9.748777313E0
2.873605079E1,1.782792664E-1,2.092648315E-1,1.012808853E1
2.874610579E1,2.005828857E-1,2.044747925E-1,1.017419266E1
2.875616179E1,1.740879822E-1,2.052232361E-1,1.001043320E1
2.876621679E1,1.398092651E-1,2.245330811E-1,9.832453308E0
2.877627179E1,8.637039185E-2,2.477348328E-1,9.642797699E0
2.878632679E1,9.430389404E-2,2.336640930E-1,9.664951630E0
2.879638279E1,1.305285645E-1,2.293231201E-1,9.890083466E0
2.880643779E1,1.363664246E-1,2.291734314E-1,1.001058289E1
2.881649279E1,1.284329224E-1,2.342628479E-1,9.943971405E0
2.882654879E1,1.079255676E-1,2.562670898E-1,9.865235138E0
2.883660379E1,9.475296021E-2,2.700384521E-1,9.780960388E0
2.884665879E1,1.023870850E-1,2.662962341E-1,9.722432098E0
2.885671379E1,1.341210938E-1,2.327659607E-1,9.858050079E0
2.886676979E1,1.564247131E-1,2.194436646E-1,9.915231171E0
2.887682479E1,1.643582153E-1,2.167492676E-1,9.874964905E0
2.888687979E1,1.441502380E-1,2.124082947E-1,9.880503387E0
2.889693579E1,1.216969299E-1,2.275268555E-1,9.829908600E0
2.890699079E1,1.127156067E-1,2.381547546E-1,9.810149689E0
2.891704579E1,1.058299255E-1,2.489323425E-1,9.851763153E0
2.892710079E1,9.714797974E-2,2.519261169E-1,9.856702881E0
2.893715679E1,1.074765015E-1,2.409988403E-1,9.864786072E0
2.894721179E1,1.194515991E-1,2.356100464E-1,9.863738251E0
2.895726679E1,1.157093811E-1,2.306703186E-1,9.839039612E0
2.896732279E1,1.309776306E-1,2.152523804E-1,9.855205994E0
2.897737779E1,1.347198486E-1,2.002835083E-1,9.850565643E0
2.898743279E1,1.410067749E-1,1.932481384E-1,9.861492920E0
2.899748779E1,1.387614441E-1,2.080673218E-1,9.868378601E0
2.900754379E1,1.336720276E-1,2.275268555E-1,9.852062531E0
2.901759879E1,1.224453735E-1,2.424957275E-1,9.839488678E0
2.902765379E1,1.210981750E-1,2.510279846E-1,9.859696655E0
2.903770879E1,1.173559570E-1,2.535726929E-1,9.844129028E0
2.904776479E1,1.218466187E-1,2.508782959E-1,9.857451324E0
2.905781979E1,1.158590698E-1,2.501298523E-1,9.857900391E0
2.906787479E1,1.182540894E-1,2.384541321E-1,9.844578094E0
2.907793079E1,1.266366577E-1,2.249821472E-1,9.852062531E0
2.908798579E1,1.278341675E-1,2.154020691E-1,9.861343231E0
2.909804079E1,1.335223389E-1,2.201921082E-1,9.848619690E0
2.910809679E1,1.260379028E-1,2.203417969E-1,9.854158173E0
2.911815179E1,1.182540894E-1,2.270777893E-1,9.848470001E0
2.912820679E1,1.163081360E-1,2.195933533E-1,9.868827667E0
2.913826179E1,1.176553345E-1,2.362088013E-1,9.855804749E0
2.914831779E1,1.086740112E-1,2.532733154E-1,9.857002258E0
2.915837279E1,1.121168518E-1,2.504292297E-1,9.854158173E0
2.916842779E1,1.188528442E-1,2.537223816E-1,9.850415955E0
2.917848279E1,1.157093811E-1,2.466870117E-1,9.860894165E0
2.918853879E1,1.252894592E-1,2.427951050E-1,9.842033386E0
2.919859379E1,1.275347900E-1,2.296224976E-1,9.844578094E0
2.920864879E1,1.291813660E-1,2.215393066E-1,9.857451324E0
2.921870479E1,1.408570862E-1,2.245330811E-1,9.851763153E0
2.922875979E1,1.339714050E-1,2.180964661E-1,9.862241364E0
2.923881479E1,1.252894592E-1,2.113604736E-1,9.867031403E0
2.924887079E1,1.163081360E-1,2.290237427E-1,9.854158173E0
2.925892579E1,1.203497314E-1,2.429447937E-1,9.851613464E0
2.926898079E1,1.167572021E-1,2.504292297E-1,9.849218445E0
2.927903579E1,1.100212097E-1,2.522254944E-1,9.849218445E0
2.928909179E1,1.140628052E-1,2.384541321E-1,9.864037628E0
2.929914679E1,1.194515991E-1,2.252815247E-1,9.859696655E0
2.930920179E1,1.278341675E-1,2.177970886E-1,9.861492920E0
2.931925779E1,1.335223389E-1,2.053729248E-1,9.852212219E0
2.932931279E1,1.333726501E-1,2.043251038E-1,9.845176849E0
2.933936779E1,1.318757629E-1,2.091151428E-1,9.851463776E0
2.934942279E1,1.264869690E-1,2.160008240E-1,9.853260040E0
2.935947879E1,1.285826111E-1,2.389031982E-1,9.850565643E0
2.936953379E1,1.196012878E-1,2.495310974E-1,9.842931519E0
2.937958879E1,1.196012878E-1,2.597099304E-1,9.847422180E0
2.938964479E1,1.136137390E-1,2.570155334E-1,9.856104126E0
2.939969979E1,1.206491089E-1,2.501298523E-1,9.859546967E0
2.940975479E1,1.164578247E-1,2.447410583E-1,9.847422180E0
2.941980979E1,1.242416382E-1,2.272274780E-1,9.852960663E0
2.942986579E1,1.245410156E-1,2.146536255E-1,9.859097900E0
2.943992079E1,1.351689148E-1,2.080673218E-1,9.849966888E0
2.944997579E1,1.312770081E-1,2.170486450E-1,9.849068756E0
2.946003179E1,1.317260742E-1,2.302212524E-1,9.857451324E0
2.947008679E1,1.237925720E-1,2.333647156E-1,9.855954437E0
2.948014179E1,1.218466187E-1,2.427951050E-1,9.852361908E0
2.949019679E1,1.128652954E-1,2.546205139E-1,9.853409729E0
2.950025279E1,1.125659180E-1,2.567161560E-1,9.847122803E0
2.951030779E1,1.065783691E-1,2.493814087E-1,9.848470001E0
2.952036279E1,1.164578247E-1,2.393522644E-1,9.856253815E0
2.953041879E1,1.242416382E-1,2.272274780E-1,9.854607239E0
2.954047379E1,1.311273193E-1,2.219883728E-1,9.856553192E0
2.955052879E1,1.380130005E-1,2.128573608E-1,9.850266266E0
2.956058379E1,1.435514832E-1,2.131567383E-1,9.857151947E0
2.957063979E1,1.419049072E-1,2.201921082E-1,9.853110352E0
2.958069479E1,1.314266968E-1,2.344125366E-1,9.851613464E0
2.959074979E1,1.176553345E-1,2.395019531E-1,9.854008484E0
2.960080579E1,1.112187195E-1,2.439926147E-1,9.856852570E0
2.961086079E1,1.098715210E-1,2.477348328E-1,9.855954437E0
2.962091579E1,1.116677856E-1,2.415975952E-1,9.852511597E0
2.963097079E1,1.196012878E-1,2.451901245E-1,9.862391052E0
2.964102679E1,1.297801208E-1,2.374063110E-1,9.850415955E0
2.965108179E1,1.347198486E-1,2.210902405E-1,9.857451324E0
2.966113679E1,1.353186035E-1,2.189945984E-1,9.853110352E0
2.967119267E1,1.393601990E-1,2.194436646E-1,9.854158173E0
2.968124767E1,1.332229614E-1,2.288740540E-1,9.857151947E0
2.969130267E1,1.260379028E-1,2.308200073E-1,9.855655060E0
2.970135767E1,1.167572021E-1,2.347119141E-1,9.853110352E0
2.971141367E1,1.083746338E-1,2.478845215E-1,9.861492920E0
2.972146867E1,1.097218323E-1,2.448907471E-1,9.847422180E0
2.973152367E1,1.145118713E-1,2.395019531E-1,9.854307861E0
2.974157967E1,1.212478638E-1,2.371069336E-1,9.851164398E0
2.975163467E1,1.300794983E-1,2.335144043E-1,9.862540741E0
2.976168967E1,1.312770081E-1,2.198927307E-1,9.856553192E0
2.977174567E1,1.297801208E-1,2.257305908E-1,9.857002258E0
2.978180067E1,1.305285645E-1,2.228865051E-1,9.845925293E0
2.979185567E1,1.252894592E-1,2.284249878E-1,9.845925293E0
2.980191067E1,1.213975525E-1,2.357597351E-1,9.844428406E0
2.981196667E1,1.203497314E-1,2.401007080E-1,9.848619690E0
2.982202167E1,1.206491089E-1,2.427951050E-1,9.858648834E0
2.983207667E1,1.163081360E-1,2.505789185E-1,9.851613464E0
2.984213267E1,1.164578247E-1,2.490820312E-1,9.856702881E0
2.985218767E1,1.197509766E-1,2.380050659E-1,9.855056305E0
2.986224267E1,1.314266968E-1,2.284249878E-1,9.854756927E0
2.987229767E1,1.188528442E-1,2.228865051E-1,9.851164398E0
2.988235367E1,1.284329224E-1,2.242337036E-1,9.862540741E0
2.989240867E1,1.234931946E-1,2.300715637E-1,9.844428406E0
2.990246367E1,1.240919495E-1,2.222877502E-1,9.857151947E0
2.991251967E1,1.251397705E-1,2.275268555E-1,9.853260040E0
2.992257467E1,1.139131165E-1,2.363584900E-1,9.856852570E0
2.993262967E1,1.264869690E-1,2.417472839E-1,9.857900391E0
2.994268467E1,1.154100037E-1,2.483335876E-1,9.848619690E0
2.995274067E1,1.206491089E-1,2.442919922E-1,9.845326538E0
2.996279567E1,1.336720276E-1,2.418969727E-1,9.854607239E0
2.997285067E1,1.318757629E-1,2.351609802E-1,9.861492920E0
2.998290667E1,1.282832336E-1,2.273771667E-1,9.849517822E0
2.999296167E1,1.323248291E-1,2.218386841E-1,9.843979340E0
3.000301667E1,1.240919495E-1,2.314187622E-1,9.849517822E0
3.001307167E1,1.166075134E-1,2.300715637E-1,9.853409729E0
3.002312767E1,1.187031555E-1,2.351609802E-1,9.856553192E0
3.003318267E1,1.279838562E-1,2.409988403E-1,9.861193542E0
3.004323767E1,1.166075134E-1,2.411485291E-1,9.860445099E0
3.005329367E1,1.203497314E-1,2.463876343E-1,9.855954437E0
3.006334867E1,1.330732727E-1,2.409988403E-1,9.858648834E0
3.007340367E1,1.360670471E-1,2.333647156E-1,9.849068756E0
3.008345867E1,1.348695374E-1,2.321672058E-1,9.852960663E0
3.009351467E1,1.396595764E-1,2.303709412E-1,9.856403503E0
3.010356967E1,1.300794983E-1,2.273771667E-1,9.857451324E0
3.011362467E1,1.252894592E-1,2.161505127E-1,9.850116577E0
3.012368067E1,1.282832336E-1,2.330653381E-1,9.853409729E0
3.013373567E1,1.140628052E-1,2.366578674E-1,9.855505371E0
3.014379067E1,1.008901978E-1,2.365081787E-1,9.854906616E0
3.015384567E1,1.050814819E-1,2.393522644E-1,9.855505371E0
3.016390167E1,1.121168518E-1,2.401007080E-1,9.856403503E0
3.017395667E1,1.148112488E-1,2.389031982E-1,9.849817200E0
3.018401167E1,1.164578247E-1,2.215393066E-1,9.853559418E0
3.019406767E1,1.210981750E-1,2.206411743E-1,9.853858795E0
3.020412267E1,1.306782532E-1,2.263293457E-1,9.858050079E0
3.021417767E1,1.332229614E-1,2.300715637E-1,9.850266266E0
3.022423267E1,1.384620667E-1,2.290237427E-1,9.857601013E0
3.023428867E1,1.260379028E-1,2.441423035E-1,9.868079224E0
3.024434367E1,1.291813660E-1,2.421963501E-1,9.852361908E0
3.025439867E1,1.260379028E-1,2.408491516E-1,9.850116577E0
3.026445467E1,1.272354126E-1,2.401007080E-1,9.849368134E0
3.027450967E1,1.306782532E-1,2.290237427E-1,9.849517822E0
3.028456467E1,1.252894592E-1,2.269281006E-1,9.857002258E0
3.029462067E1,1.282832336E-1,2.341131592E-1,9.851613464E0
3.030467567E1,1.225950623E-1,2.243833923E-1,9.852511597E0
3.031473067E1,1.255888367E-1,2.308200073E-1,9.859696655E0
3.032478567E1,1.225950623E-1,2.477348328E-1,9.854307861E0
3.033484167E1,1.187031555E-1,2.399510193E-1,9.850266266E0
3.034489667E1,1.179547119E-1,2.329156494E-1,9.853260040E0
3.035495167E1,1.143621826E-1,2.383044434E-1,9.863139496E0
3.036500767E1,1.294807434E-1,2.338137817E-1,9.855205994E0
3.037506267E1,1.296304321E-1,2.389031982E-1,9.855505371E0
3.038511767E1,1.279838562E-1,2.303709412E-1,9.855804749E0
3.039517267E1,1.351689148E-1,2.254312134E-1,9.848020935E0
3.040522867E1,1.218466187E-1,2.284249878E-1,9.853559418E0
3.041528367E1,1.279838562E-1,2.381547546E-1,9.855804749E0
3.042533867E1,1.255888367E-1,2.383044434E-1,9.844129028E0
3.043539467E1,1.118174744E-1,2.415975952E-1,9.848919067E0
3.044544967E1,1.139131165E-1,2.384541321E-1,9.855804749E0
3.045550467E1,1.122665405E-1,2.356100464E-1,9.859097900E0
3.046555967E1,1.209484863E-1,2.296224976E-1,9.858798523E0
3.047561567E1,1.210981750E-1,2.276765442E-1,9.848170624E0
3.048567067E1,1.291813660E-1,2.254312134E-1,9.859397278E0
3.049572567E1,1.297801208E-1,2.246827698E-1,9.853409729E0
3.050578167E1,1.323248291E-1,2.248324585E-1,9.853559418E0
3.051583667E1,1.399589539E-1,2.136058044E-1,9.859846344E0
3.052589167E1,1.315763855E-1,2.335144043E-1,9.860594788E0
3.053594767E1,1.248403931E-1,2.341131592E-1,9.861492920E0
3.054600267E1,1.085243225E-1,2.335144043E-1,9.859696655E0
3.055605767E1,1.077758789E-1,2.398013306E-1,9.854158173E0
3.056611267E1,1.001417542E-1,2.469863892E-1,9.851463776E0
3.057616867E1,1.074765015E-1,2.368075562E-1,9.845176849E0
3.058622367E1,1.216969299E-1,2.303709412E-1,9.856253815E0
3.059627867E1,1.219963074E-1,2.417472839E-1,9.775272217E0
3.060633467E1,1.371148682E-1,2.230361938E-1,9.846823425E0
3.061638967E1,1.646575928E-1,2.228865051E-1,9.979297943E0
3.062644467E1,1.556762695E-1,2.332150269E-1,9.937235413E0
3.063649967E1,1.206491089E-1,2.395019531E-1,9.715845795E0
3.064655567E1,8.906478882E-2,2.541714478E-1,9.637109528E0
3.065661067E1,1.362167358E-1,2.279759216E-1,9.941726074E0
3.066666567E1,1.344204712E-1,2.339634705E-1,9.952204285E0
3.067672167E1,7.993377686E-2,2.591111755E-1,9.564061432E0
3.068677667E1,-8.981323242E-4,2.951861572E-1,9.104217682E0
3.069683167E1,2.351609802E-1,1.854643250E-1,1.021311172E1
3.070688667E1,6.679110718E-1,-2.844085693E-2,1.135149445E1
3.071694267E1,1.242416382E-2,2.918930054E-1,9.085955658E0
3.072699767E1,9.804611206E-2,2.426454163E-1,9.206155701E0
3.073705267E1,5.095404053E-1,5.718109131E-2,1.094883179E1
3.074710867E1,2.621049500E-1,1.543290710E-1,1.008542725E1
3.075716367E1,2.031275940E-1,1.922003174E-1,9.923913116E0
3.076721867E1,1.193019104E-1,2.399510193E-1,9.765093384E0
3.077727467E1,-1.122665405E-2,3.043171692E-1,9.234446869E0
3.078732967E1,-2.844085693E-3,3.013233948E-1,9.286239166E0
3.079738467E1,1.558259583E-1,2.380050659E-1,9.918224945E0
3.080743967E1,6.834786987E-1,1.592687988E-1,1.060320053E1
3.081749567E1,9.247769165E-1,5.182223511E-1,1.066382446E1
3.082755067E1,-1.663939819E0,5.647755432E-1,9.244625702E0
3.083760567E1,-1.794618073E0,6.548881531E-1,8.900641022E0
3.084766167E1,1.558558960E0,-1.989363098E-1,1.067295547E1
3.085771667E1,9.580078125E-1,-4.517605591E-1,9.521549835E0
3.086777167E1,1.676513672E-2,6.301895142E-2,9.875114594E0
3.087782667E1,7.372169495E-1,1.395098877E-1,1.053359528E1
3.088788267E1,1.352138214E0,-1.431024170E-1,9.848020935E0
3.089793767E1,1.482068024E0,-3.589535522E-1,9.394314423E0
3.090799267E1,4.641847229E-1,1.251397705E-1,1.036250107E1
3.091804867E1,-1.032552795E0,9.240284729E-1,1.056742493E1
3.092810367E1,-1.361867981E0,1.480870514E0,9.718540192E0
3.093815867E1,-2.806663513E-1,1.625619507E0,1.013257919E1
3.094821467E1,-5.093907166E-1,2.045047302E0,1.004381378E1
3.095826967E1,-2.200424194E-1,2.188449097E0,9.966125336E0
3.096832467E1,1.089883575E0,1.718875580E0,1.149010620E1
3.097837967E1,1.574425964E0,1.087338867E0,1.239332794E1
3.098843567E1,9.404942322E-1,1.309925995E0,1.207673630E1
3.099849067E1,-8.472381592E-2,2.199376373E0,1.024215134E1
3.100854567E1,-1.078357544E0,2.525697784E0,1.012823822E1
3.101860167E1,-2.038161621E0,2.752476196E0,1.077564194E1
3.102865667E1,-3.165317688E0,3.004851379E0,1.194231583E1
3.103871167E1,-4.029021606E0,2.941682739E0,1.344234650E1
3.104876667E1,-4.403991852E0,2.900967407E0,1.441951447E1
3.105882267E1,-4.502337341E0,3.135080566E0,1.445349380E1
3.106887767E1,-4.790488129E0,3.154689789E0,1.410157562E1
3.107893267E1,-5.330714722E0,2.935545502E0,1.349548599E1
3.108898867E1,-6.225553894E0,2.829116821E0,1.303100189E1
3.109904367E1,-7.238048401E0,2.993774414E0,1.242955261E1
3.110909867E1,-7.777526550E0,3.091371460E0,1.175685150E1
3.111915467E1,-8.171956329E0,3.264710999E0,1.085632416E1
3.112920967E1,-8.692723389E0,3.556154938E0,9.931397552E0
3.113926467E1,-8.943601685E0,3.534450073E0,9.239685974E0
3.114931967E1,-8.555309143E0,3.216660919E0,8.229137421E0
3.115937567E1,-7.179969177E0,2.574945374E0,8.180488586E0
3.116943067E1,-5.731880493E0,2.104024658E0,7.469317474E0
3.117948567E1,-5.214705963E0,2.428100739E0,5.952671356E0
3.118954167E1,-5.362748108E0,2.523602142E0,5.271737366E0
3.119959667E1,-5.985303497E0,2.165696411E0,5.044809265E0
3.120965167E1,-6.551276550E0,2.275418243E0,4.323908386E0
3.121970767E1,-6.637048187E0,2.533182220E0,3.873345337E0
3.122976267E1,-6.253246307E0,2.649340668E0,3.882176971E0
3.123981767E1,-5.639971619E0,3.107238464E0,4.204007721E0
3.124987267E1,-4.997807007E0,3.985312500E0,4.517755280E0
3.125992867E1,-4.021387482E0,4.934937744E0,4.687801666E0
3.126998367E1,-2.928510132E0,4.590354309E0,5.918392639E0
3.128003867E1,-2.616708527E0,3.981719971E0,6.166277161E0
3.129009467E1,-3.115471344E0,4.361180878E0,5.157075806E0
3.130014967E1,-4.008663940E0,5.066963196E0,4.476890259E0
3.131020467E1,-4.739144897E0,5.644611969E0,4.852309570E0
3.132025967E1,-5.073549500E0,6.245163116E0,5.455106049E0
3.133031567E1,-4.495751038E0,6.754553833E0,5.846392365E0
3.134037067E1,-2.868934021E0,6.618337097E0,6.253994751E0
3.135042567E1,-1.410965881E0,6.098767548E0,5.794151001E0
3.136048167E1,-1.109492798E0,5.778882751E0,5.549409943E0
3.137053667E1,-2.130369873E0,5.527256012E0,6.125861206E0
3.138059167E1,-3.534150696E0,5.707032166E0,5.152585144E0
3.139064767E1,-3.639980621E0,6.173611908E0,4.610113220E0
3.140070267E1,-2.408491516E0,6.339317322E0,4.923711090E0
3.141075767E1,-6.741979980E-1,6.550378418E0,5.089266815E0
3.142081267E1,6.592291260E-1,6.979535980E0,4.827461243E0
3.143086867E1,1.047521667E0,7.406747589E0,4.533472595E0
3.144092367E1,8.056246948E-1,7.703730011E0,4.433480530E0
3.145097867E1,5.695655823E-1,8.123606873E0,4.269571381E0
3.146103467E1,4.209246826E-1,8.457562408E0,3.774550781E0
3.147108967E1,2.297721863E-1,8.421936493E0,3.315156097E0
3.148114467E1,1.546284485E-1,8.085436249E0,3.573818207E0
3.149119967E1,5.093907166E-1,7.464677124E0,3.714076538E0
3.150125567E1,9.415420532E-1,7.229516144E0,3.290158081E0
3.151131067E1,1.337319031E0,7.335944824E0,2.499801636E0
3.152136567E1,1.474284210E0,7.270830231E0,2.142644348E0
3.153142167E1,1.277293854E0,7.266489258E0,2.179318085E0
3.154147667E1,1.230441284E0,7.688611450E0,2.693498840E0
3.155153167E1,1.569635925E0,8.299341431E0,3.438200226E0
3.156158767E1,1.989961853E0,8.627908173E0,4.058659973E0
3.157164267E1,2.322570190E0,8.530610504E0,4.207450562E0
3.158169767E1,2.561323700E0,8.127648468E0,3.909869385E0
3.159175267E1,2.311642914E0,7.648943939E0,3.270548859E0
3.160180867E1,1.483564911E0,7.456893311E0,1.986818390E0
3.161186367E1,8.875044250E-1,7.489824829E0,1.012344818E0
3.162191867E1,1.028062134E0,7.698790283E0,1.590292969E0
3.163197467E1,1.376238098E0,8.298443298E0,3.049907684E0
3.164202967E1,1.242715759E0,9.374256134E0,4.415368195E0
3.165208467E1,6.469546509E-1,1.046129562E1,5.657036133E0
3.166214067E1,4.101470947E-2,1.097472794E1,6.559060364E0
3.167219629E1,-3.972738647E-1,1.073747131E1,6.919959869E0
3.168225129E1,-5.081932068E-1,1.005668701E1,6.677015076E0
3.169230629E1,-4.776567078E-1,9.633217621E0,5.488187256E0
3.170236229E1,-6.490502930E-1,9.753717041E0,4.264332275E0
3.171241729E1,-9.815089417E-1,9.907147980E0,4.076921997E0
3.172247229E1,-1.279239807E0,1.011880783E1,4.544250183E0
3.173252829E1,-9.672885132E-1,1.035501663E1,5.105732574E0
3.174258329E1,-3.308120728E-1,1.032268387E1,5.385800171E0
3.175263829E1,-2.143542480E-1,9.996661835E0,5.274282074E0
3.176269429E1,-6.054908752E-1,9.461075592E0,4.823269958E0
3.177274929E1,-8.842112732E-1,8.881929932E0,4.114344177E0
3.178280429E1,-7.512876892E-1,8.453071747E0,3.300187225E0
3.179285929E1,-1.989363098E-1,8.295000458E0,2.470013580E0
3.180291529E1,2.312690735E-1,8.474926300E0,2.023941193E0
3.181297029E1,-6.152206421E-2,8.874445496E0,2.282902679E0
3.182302529E1,-7.253915405E-1,9.153165894E0,3.015778656E0
3.183308129E1,-1.113384705E0,9.196425934E0,3.733087006E0
3.184313629E1,-1.163380737E0,9.132059784E0,4.079317017E0
3.185319129E1,-1.106199646E0,8.961264954E0,3.987707520E0
3.186324729E1,-1.069226532E0,8.824299774E0,3.534749451E0
3.187330229E1,-7.909552002E-1,8.768914948E0,2.909499664E0
3.188335729E1,-2.182461548E-1,8.735234985E0,2.110311584E0
3.189341229E1,1.978884888E-1,9.255552979E0,5.688919830E0
3.190346829E1,-1.273252258E0,1.123922791E1,1.045725403E1
3.191352329E1,7.589218140E-1,1.190953400E1,6.714437256E0
3.192357829E1,7.577243042E-1,9.766590271E0,5.228627014E0
3.193363429E1,-1.696122894E0,7.711064758E0,-7.343279572E0
3.194368929E1,3.147953796E0,9.635313263E0,1.129251709E0
3.195374429E1,1.262474670E0,6.152505798E0,9.630672913E0
3.196379929E1,-2.146536255E-1,9.747579803E0,5.459147644E0
3.197385529E1,-1.725162506E0,1.092113937E1,3.355122986E0
3.198391029E1,-1.332079926E0,8.197403412E0,3.463796997E0
3.199396529E1,-4.772076416E-1,8.319549408E0,3.035836945E0
3.200402129E1,-3.225791931E-1,9.728569336E0,3.246598663E0
3.201407629E1,-5.661227417E-1,9.422755280E0,3.826792145E0
3.202413129E1,-4.376898193E-1,8.815468140E0,3.640130310E0
3.203418729E1,-4.340972900E-1,9.281748505E0,3.288661194E0
3.204424229E1,-7.421566772E-1,9.541308746E0,3.334465942E0
3.205429729E1,-1.081800385E0,9.124126282E0,3.422782288E0
3.206435229E1,-1.199755096E0,9.150022430E0,3.152294769E0
3.207440829E1,-1.237476654E0,9.478589172E0,3.080893250E0
3.208446329E1,-1.172661438E0,9.162596283E0,3.536096649E0
3.209451829E1,-1.027164001E0,9.077872467E0,3.658242645E0
3.210457429E1,-1.033151550E0,9.296867065E0,3.592080231E0
3.211462929E1,-9.798623657E-1,9.166488190E0,3.300935669E0
3.212468429E1,-5.878276062E-1,9.273066559E0,2.980751495E0
3.213474029E1,-6.556365967E-2,9.520502014E0,2.301015015E0
3.214479529E1,1.474433899E-1,9.401050415E0,2.787054291E0
3.215485029E1,2.086660767E-1,9.207652588E0,3.719315643E0
3.216490529E1,-1.571731567E-1,9.334438934E0,3.725003815E0
3.217496129E1,-7.207511902E-1,9.188043365E0,3.373834076E0
3.218501629E1,-1.084494781E0,9.259744263E0,2.968926086E0
3.219507129E1,-1.106049957E0,9.291927338E0,3.051404572E0
3.220512729E1,-9.593550110E-1,9.185798035E0,3.465293884E0
3.221518229E1,-8.178991699E-1,9.239386597E0,3.528312836E0
3.222523729E1,-7.075785828E-1,9.218430176E0,3.422183533E0
3.223529229E1,-5.807922363E-1,9.274264069E0,3.165467377E0
3.224534829E1,-4.005670166E-1,9.311835938E0,3.037633209E0
3.225540329E1,-2.176473999E-1,9.282047882E0,3.150797882E0
3.226545829E1,-1.215472412E-1,9.326804810E0,3.246448975E0
3.227551429E1,-2.023791504E-1,9.279503174E0,3.253035278E0
3.228556929E1,-4.086502075E-1,9.286089478E0,3.142864380E0
3.229562429E1,-6.367758179E-1,9.295070801E0,3.162922668E0
3.230568029E1,-7.937992859E-1,9.237290955E0,3.345243530E0
3.231573529E1,-8.994795227E-1,9.228908386E0,3.453767853E0
3.232579029E1,-9.246272278E-1,9.213340759E0,3.407514038E0
3.233584529E1,-8.487350464E-1,9.235045624E0,3.320694580E0
3.234590129E1,-7.069798279E-1,9.261390839E0,3.300935669E0
3.235595629E1,-5.748046875E-1,9.263486481E0,3.284918976E0
3.236601129E1,-5.459147644E-1,9.281898193E0,3.250191193E0
3.237606729E1,-6.051914978E-1,9.281748505E0,3.237916718E0
3.238612229E1,-7.132667542E-1,9.277856598E0,3.227887573E0
3.239617729E1,-7.641609192E-1,9.265731812E0,3.258424072E0
3.240623329E1,-7.182064819E-1,9.251511383E0,3.302133179E0
3.241628829E1,-5.942642212E-1,9.263636169E0,3.304827576E0
3.242634329E1,-4.324507141E-1,9.269324341E0,3.248694305E0
3.243639829E1,-3.206332397E-1,9.277557220E0,3.209625549E0
3.244645429E1,-2.894979858E-1,9.279802551E0,3.203638000E0
3.245650929E1,-3.484753418E-1,9.259893951E0,3.254831543E0
3.246656429E1,-4.689747620E-1,9.280251617E0,3.261417847E0
3.247662029E1,-5.795947266E-1,9.262139282E0,3.268752594E0
3.248667529E1,-6.557862854E-1,9.233399048E0,3.329825592E0
3.249673029E1,-6.991960144E-1,9.259145508E0,3.279081116E0
3.250678629E1,-7.008425903E-1,9.149723053E0,3.259322205E0
3.251684129E1,-6.563850403E-1,9.296717377E0,3.311264191E0
3.252689629E1,-6.848258972E-1,9.662406921E0,3.137325897E0
3.253695129E1,-6.743476868E-1,8.944499817E0,3.410657501E0
3.254700729E1,-6.673123169E-1,9.103169861E0,3.454516296E0
3.255706229E1,-6.715036011E-1,9.668993225E0,2.935545502E0
3.256711729E1,-6.276448059E-1,9.088350677E0,3.203638000E0
3.257717329E1,-5.212161255E-1,9.200018463E0,3.164868622E0
3.258722829E1,-4.424798584E-1,9.488618317E0,3.202141113E0
3.259728329E1,-3.992198181E-1,9.098679199E0,3.501069489E0
3.260733929E1,-4.209246826E-1,9.184301147E0,3.377426605E0
3.261739429E1,-5.170248413E-1,9.373956757E0,3.222947845E0
3.262744929E1,-6.189628601E-1,9.222471771E0,3.229534149E0
3.263750429E1,-6.502478027E-1,9.215286713E0,3.241509247E0
3.264756029E1,-6.447093201E-1,9.326954498E0,3.280877380E0
3.265761529E1,-6.240522766E-1,9.283095703E0,3.218606873E0
3.266767029E1,-5.397775269E-1,9.212442627E0,3.201542358E0
3.267772579E1,-4.029620361E-1,9.348809052E0,3.198249207E0
3.268778079E1,-3.254232788E-1,9.291927338E0,3.222498779E0
3.269783579E1,-3.344046021E-1,9.203311615E0,3.322790222E0
3.270789179E1,-4.474195862E-1,9.337732086E0,3.240162048E0
3.271794679E1,-5.983058167E-1,9.223220215E0,3.283721466E0
3.272800179E1,-6.932084656E-1,9.215137024E0,3.392096100E0
3.273805679E1,-7.406597900E-1,9.298513641E0,3.353476410E0
3.274811279E1,-7.455995178E-1,9.198970642E0,3.390449524E0
3.275816779E1,-7.171586609E-1,9.287137299E0,3.205733643E0
3.276822279E1,-7.204518127E-1,9.314680023E0,3.116219788E0
3.277827879E1,-7.000941467E-1,9.229956207E0,3.242557068E0
3.278833379E1,-7.053332520E-1,9.308093719E0,3.251089325E0
3.279838879E1,-7.053332520E-1,9.252259827E0,3.303630066E0
3.280844479E1,-6.994953918E-1,9.241033173E0,3.290607147E0
3.281849979E1,-6.512956238E-1,9.288484497E0,3.253035278E0
3.282855479E1,-5.824388123E-1,9.228908386E0,3.327580261E0
3.283860979E1,-5.411247253E-1,9.246571655E0,3.342549133E0
3.284866579E1,-5.559439087E-1,9.269474030E0,3.312611389E0
3.285872079E1,-5.830375671E-1,9.237290955E0,3.304827576E0
3.286877579E1,-5.953120422E-1,9.245224457E0,3.300187225E0
3.287883179E1,-6.125262451E-1,9.270521851E0,3.287463684E0
3.288888679E1,-6.114784241E-1,9.257648621E0,3.246448975E0
3.289894179E1,-6.078858948E-1,9.291927338E0,3.191213837E0
3.290899779E1,-6.291416931E-1,9.290729828E0,3.193758545E0
3.291905279E1,-6.018983459E-1,9.270821228E0,3.236419830E0
3.292910779E1,-5.421725464E-1,9.266180878E0,3.295995941E0
3.293916279E1,-5.304968262E-1,9.276359711E0,3.318748627E0
3.294921879E1,-5.218148804E-1,9.252858582E0,3.326382751E0
3.295927379E1,-4.607418823E-1,9.254654846E0,3.332370300E0
3.296932879E1,-4.017645264E-1,9.280550995E0,3.266806641E0
3.297938479E1,-3.635939026E-1,9.294322357E0,3.124901733E0
3.298943979E1,-3.007246399E-1,9.316027222E0,3.085832977E0
3.299949479E1,-2.764750671E-1,9.299262085E0,3.183280334E0
3.300955079E1,-3.275189209E-1,9.290729828E0,3.217409363E0
3.301960579E1,-4.281097412E-1,9.301806793E0,3.218906250E0
3.302966079E1,-5.233117676E-1,9.262288971E0,3.246598663E0
3.303971579E1,-5.574407959E-1,9.266330566E0,3.274291077E0
3.304977179E1,-5.483097839E-1,9.267977142E0,3.299289093E0
3.305982679E1,-5.373825073E-1,9.260343018E0,3.296744385E0
3.306988179E1,-5.240602112E-1,9.264384613E0,3.273243256E0
3.307993779E1,-5.303471375E-1,9.274713135E0,3.223845978E0
3.308999279E1,-5.505551147E-1,9.276509399E0,3.218008118E0
3.310004779E1,-5.821394348E-1,9.271869049E0,3.244353333E0
3.311010279E1,-6.023474121E-1,9.278006287E0,3.284469910E0
3.312015879E1,-6.125262451E-1,9.265282745E0,3.293750610E0
3.313021379E1,-5.884263611E-1,9.259145508E0,3.295097809E0
3.314026879E1,-5.456153870E-1,9.257199554E0,3.267106018E0
3.315032479E1,-4.501139832E-1,9.268276520E0,3.236419830E0
3.316037979E1,-3.806584167E-1,9.280850372E0,3.244503021E0
3.317043479E1,-3.568579102E-1,9.278455353E0,3.228636017E0
3.318049079E1,-4.065545654E-1,9.285191345E0,3.230881348E0
3.319054579E1,-4.822970581E-1,9.286388855E0,3.214565277E0
3.320060079E1,-5.716612244E-1,9.274862823E0,3.241060181E0
3.321065679E1,-6.270460510E-1,9.257947998E0,3.297642517E0
3.322071179E1,-6.358776855E-1,9.271569672E0,3.295546875E0
3.323076679E1,-6.400689697E-1,9.268126831E0,3.268752594E0
3.324082179E1,-6.242019653E-1,9.270372162E0,3.246299286E0
3.325087779E1,-5.911207581E-1,9.271569672E0,3.260968781E0
3.326093279E1,-5.457650757E-1,9.249715118E0,3.296295319E0
3.327098779E1,-5.029541016E-1,9.270222473E0,3.282224579E0
3.328104379E1,-4.761598206E-1,9.277557220E0,3.239263916E0
3.329109879E1,-4.743635559E-1,9.266330566E0,3.229683838E0
3.330115379E1,-4.480183411E-1,9.277257843E0,3.245251465E0
3.331120979E1,-4.174818420E-1,9.281898193E0,3.255430298E0
3.332126479E1,-4.188290405E-1,9.286388855E0,3.236569519E0
3.333131979E1,-4.321513367E-1,9.283694458E0,3.172353058E0
3.334137479E1,-4.402345276E-1,9.296268311E0,3.157683563E0
3.335143079E1,-4.513114929E-1,9.280101929E0,3.217409363E0
3.336148579E1,-4.712200928E-1,9.271569672E0,3.305126953E0
3.337154079E1,-5.671705627E-1,9.257349243E0,3.369343414E0
3.338159679E1,-7.005432129E-1,9.250613251E0,3.341201935E0
3.339165179E1,-8.339158630E-1,9.241482239E0,3.315455475E0
3.340170679E1,-9.424401855E-1,9.244625702E0,3.324287109E0
3.341176279E1,-9.460327148E-1,9.234297180E0,3.338806915E0
3.342181779E1,-8.499325562E-1,9.248667297E0,3.323538666E0
3.343187279E1,-6.828799438E-1,9.271569672E0,3.304677887E0
3.344192779E1,-5.046006775E-1,9.269773407E0,3.244652710E0
3.345198379E1,-3.592529297E-1,9.294322357E0,3.162323914E0
3.346203879E1,-2.784210205E-1,9.302854614E0,3.179089050E0
3.347209379E1,-2.418969727E-1,9.279652863E0,3.207080841E0
3.348214979E1,-2.579136658E-1,9.293873291E0,3.221001892E0
3.349220479E1,-2.995271301E-1,9.270072784E0,3.226240997E0
3.350225979E1,-3.546125793E-1,9.274862823E0,3.223396912E0
3.351231579E1,-3.950285339E-1,9.282047882E0,3.215613098E0
3.352237079E1,-4.421804810E-1,9.271569672E0,3.256478119E0
3.353242579E1,-5.349874878E-1,9.268126831E0,3.271147614E0
3.354248179E1,-6.310876465E-1,9.270671539E0,3.240461426E0
3.355253679E1,-7.143145752E-1,9.270072784E0,3.261417847E0
3.356259179E1,-7.481442261E-1,9.253157959E0,3.311264191E0
3.357264679E1,-7.339237976E-1,9.256301422E0,3.305426331E0
3.358270279E1,-6.761439514E-1,9.267079010E0,3.282673645E0
3.359275779E1,-5.854325867E-1,9.261989594E0,3.272045746E0
3.360281279E1,-5.126838684E-1,9.275162201E0,3.263513489E0
3.361286879E1,-4.875361633E-1,9.266031189E0,3.257226562E0
3.362292379E1,-4.885839844E-1,9.269324341E0,3.275937653E0
3.363297879E1,-4.972659302E-1,9.260343018E0,3.281476135E0
3.364303479E1,-4.824467468E-1,9.260941772E0,3.257975006E0
3.365308979E1,-4.499642944E-1,9.283095703E0,3.253184967E0
3.366314479E1,-4.317022705E-1,9.286538544E0,3.226690063E0
3.367319992E1,-4.134402466E-1,9.288185120E0,3.174748077E0
3.368325592E1,-4.020639038E-1,9.305549011E0,3.194656677E0
3.369331092E1,-4.087998962E-1,9.285490723E0,3.252286835E0
3.370336592E1,-4.484674072E-1,9.280251617E0,3.234922943E0
3.371342192E1,-5.022056580E-1,9.281898193E0,3.222498779E0
3.372347692E1,-5.303471375E-1,9.270821228E0,3.242706757E0
3.373353192E1,-5.616320801E-1,9.267827454E0,3.293750610E0
3.374358792E1,-5.873785400E-1,9.259145508E0,3.326831818E0
3.375364292E1,-6.170169067E-1,9.265582123E0,3.298091583E0
3.376369792E1,-6.408174133E-1,9.269623718E0,3.256627808E0
3.377375292E1,-6.279441833E-1,9.274413757E0,3.260968781E0
3.378380892E1,-5.911207581E-1,9.264085236E0,3.298241272E0
3.379386392E1,-5.617817688E-1,9.256301422E0,3.300336914E0
3.380391892E1,-5.608836365E-1,9.261540527E0,3.260669403E0
3.381397492E1,-5.432203674E-1,9.285341034E0,3.205434265E0
3.382402992E1,-5.375321960E-1,9.283694458E0,3.250041504E0
3.383408492E1,-5.197192383E-1,9.266929321E0,3.248544617E0
3.384414092E1,-5.149291992E-1,9.267079010E0,3.315156097E0
3.385419592E1,-5.278024292E-1,9.257947998E0,3.285517731E0
3.386425092E1,-5.373825073E-1,9.282047882E0,3.202290802E0
3.387430692E1,-5.078938293E-1,9.277257843E0,3.195554810E0
3.388436192E1,-4.670288086E-1,9.268126831E0,3.290457458E0
3.389441692E1,-4.637356567E-1,9.267977142E0,3.327729950E0
3.390447192E1,-5.104385376E-1,9.272767181E0,3.248394928E0
3.391452792E1,-5.529501343E-1,9.281149750E0,3.210972748E0
3.392458292E1,-5.556445312E-1,9.275461578E0,3.208428040E0
3.393463792E1,-5.381309509E-1,9.279054108E0,3.233725433E0
3.394469392E1,-4.984634399E-1,9.266629944E0,3.285667419E0
3.395474892E1,-4.689747620E-1,9.262738037E0,3.295846252E0
3.396480392E1,-4.733157349E-1,9.293573914E0,3.219804382E0
3.397485992E1,-5.060975647E-1,9.272617493E0,3.197500763E0
3.398491492E1,-5.273533630E-1,9.260941772E0,3.223247223E0
3.399496992E1,-5.592370605E-1,9.303303680E0,3.230581970E0
3.400502592E1,-5.923182678E-1,9.294472046E0,3.267405396E0
3.401508092E1,-6.173162842E-1,9.286837921E0,3.252286835E0
3.402513592E1,-5.971083069E-1,9.259594574E0,3.297642517E0
3.403519092E1,-5.251080322E-1,9.224417725E0,3.336561584E0
3.404524692E1,-4.456233215E-1,9.256002045E0,3.320844269E0
3.405530192E1,-3.963757324E-1,9.246421967E0,3.309318237E0
3.406535692E1,-4.152365112E-1,9.260343018E0,3.259771271E0
3.407541292E1,-4.887336731E-1,9.296268311E0,3.173700256E0
3.408546792E1,-5.628295898E-1,9.291178894E0,3.175346832E0
3.409552292E1,-6.282435608E-1,9.282946014E0,3.238515472E0
3.410557892E1,-6.551875305E-1,9.277108154E0,3.274440765E0
3.411563392E1,-6.602769470E-1,9.267677765E0,3.263064423E0
3.412568892E1,-6.315367126E-1,9.261989594E0,3.232677612E0
3.413574392E1,-5.846841431E-1,9.271419983E0,3.231629791E0
3.414579992E1,-5.228627014E-1,9.256600800E0,3.289709015E0
3.415585492E1,-5.075944519E-1,9.268575897E0,3.310366058E0
3.416590992E1,-5.325924683E-1,9.277706909E0,3.291954346E0
3.417596592E1,-6.104306030E-1,9.259444885E0,3.279530182E0
3.418602092E1,-6.574328613E-1,9.270970917E0,3.209326172E0
3.419607592E1,-6.613247681E-1,9.295968933E0,3.219954071E0
3.420613192E1,-5.981561279E-1,9.264234924E0,3.276835785E0
3.421618692E1,-5.375321960E-1,9.283844147E0,3.282673645E0
3.422624192E1,-4.969665527E-1,9.286987610E0,3.245700531E0
3.423629792E1,-4.574487305E-1,9.280401306E0,3.190315704E0
3.424635292E1,-4.059558105E-1,9.286388855E0,3.176394653E0
3.425640792E1,-3.769161987E-1,9.277257843E0,3.232228546E0
3.426646292E1,-3.848497009E-1,9.257049866E0,3.304528198E0
3.427651892E1,-4.352947998E-1,9.255552979E0,3.317551117E0
3.428657392E1,-5.007087708E-1,9.268875275E0,3.287463684E0
3.429662892E1,-5.661227417E-1,9.264983368E0,3.263962555E0
3.430668492E1,-5.975573730E-1,9.267528076E0,3.238066406E0
3.431673992E1,-5.953120422E-1,9.294322357E0,3.224893799E0
3.432679492E1,-5.646258545E-1,9.280700684E0,3.225492554E0
3.433685092E1,-5.060975647E-1,9.287885742E0,3.201991425E0
3.434690592E1,-4.598437500E-1,9.298513641E0,3.191064148E0
3.435696092E1,-4.294569397E-1,9.274563446E0,3.226989441E0
3.436701592E1,-4.306544495E-1,9.272617493E0,3.260370026E0
3.437707192E1,-4.614903259E-1,9.266779633E0,3.274141388E0
3.438712692E1,-4.983137512E-1,9.268725586E0,3.283571777E0
3.439718192E1,-5.295986938E-1,9.273216248E0,3.244053955E0
3.440723792E1,-5.550457764E-1,9.274114380E0,3.219505005E0
3.441729292E1,-5.460644531E-1,9.292226715E0,3.203638000E0
3.442734792E1,-5.245092773E-1,9.293723602E0,3.199596405E0
3.443740392E1,-5.131329346E-1,9.273216248E0,3.254532166E0
3.444745892E1,-5.152285767E-1,9.271869049E0,3.257376251E0
3.445751392E1,-5.285508728E-1,9.265282745E0,3.233276367E0
3.446756992E1,-5.388793945E-1,9.264384613E0,3.256777496E0
3.447762492E1,-5.403762817E-1,9.261091461E0,3.292403412E0
3.448767992E1,-5.631289673E-1,9.258846130E0,3.314257965E0
3.449773492E1,-5.903723145E-1,9.275760956E0,3.349135437E0
3.450779092E1,-6.089337158E-1,9.257199554E0,3.227588196E0
3.451784592E1,-6.023474121E-1,9.293573914E0,3.192111969E0
3.452790092E1,-5.655239868E-1,9.260792084E0,3.259621582E0
3.453795692E1,-5.384303284E-1,9.278305664E0,3.284469910E0
3.454801192E1,-5.294490051E-1,9.277706909E0,3.244053955E0
3.455806692E1,-5.502557373E-1,9.285640411E0,3.205284576E0
3.456812292E1,-5.330415344E-1,9.263785858E0,3.236868896E0
3.457817792E1,-5.227130127E-1,9.274264069E0,3.282823334E0
3.458823292E1,-4.929249573E-1,9.249266052E0,3.297193451E0
3.459828892E1,-4.700225830E-1,9.280101929E0,3.242856445E0
3.460834392E1,-4.763095093E-1,9.270821228E0,3.223995667E0
3.461839892E1,-4.674778748E-1,9.285790100E0,3.165916443E0
3.462845392E1,-4.662803650E-1,9.275760956E0,3.244353333E0
3.463850992E1,-4.902305603E-1,9.265432434E0,3.324586487E0
3.464856492E1,-5.376818848E-1,9.264683990E0,3.257525940E0
3.465861992E1,-5.794450378E-1,9.266779633E0,3.218008118E0
3.466867592E1,-5.659730530E-1,9.266480255E0,3.221001892E0
3.467873071E1,-5.102888489E-1,9.277108154E0,3.234324188E0
3.468878571E1,-4.537065125E-1,9.264833679E0,3.269501038E0
3.469884171E1,-4.444258118E-1,9.278305664E0,3.216211853E0
3.470889671E1,-4.875361633E-1,9.282496948E0,3.196003876E0
3.471895171E1,-5.327421570E-1,9.263037415E0,3.256927185E0
3.472900671E1,-5.786965942E-1,9.263187103E0,3.293151855E0
3.473906271E1,-6.132746887E-1,9.262887726E0,3.310815125E0
3.474911771E1,-6.364764404E-1,9.270821228E0,3.282673645E0
3.475917271E1,-6.369255066E-1,9.265282745E0,3.247945862E0
3.476922871E1,-6.014492798E-1,9.271419983E0,3.195704498E0
3.477928371E1,-5.496569824E-1,9.287586365E0,3.198398895E0
3.478933871E1,-5.279521179E-1,9.277257843E0,3.264411621E0
3.479939471E1,-5.333409119E-1,9.271719360E0,3.262016602E0
3.480944971E1,-5.484594727E-1,9.266629944E0,3.293451233E0
3.481950471E1,-5.483097839E-1,9.243278503E0,3.327430573E0
3.482956071E1,-5.423222351E-1,9.258546753E0,3.285218353E0
3.483961571E1,-5.429209900E-1,9.283844147E0,3.282523956E0
3.484967071E1,-4.879852295E-1,9.239236908E0,3.175047455E0
3.485972571E1,-4.767585754E-1,9.310339050E0,3.207380219E0
3.486978171E1,-4.640350342E-1,9.275910645E0,3.225791931E0
3.487983671E1,-5.025050354E-1,9.278305664E0,3.251388702E0
3.488989171E1,-5.451663208E-1,9.285490723E0,3.190465393E0
3.489994771E1,-5.839356995E-1,9.290729828E0,3.219205627E0
3.491000271E1,-5.794450378E-1,9.245074768E0,3.332370300E0
3.492005771E1,-5.891748047E-1,9.256301422E0,3.358266449E0
3.493011371E1,-5.984555054E-1,9.256750488E0,3.313808899E0
3.494016871E1,-6.033952332E-1,9.245374146E0,3.312461700E0
3.495022371E1,-5.777984619E-1,9.260343018E0,3.273243256E0
3.496027971E1,-5.454656982E-1,9.269923096E0,3.199446716E0
3.497033471E1,-4.900808716E-1,9.285341034E0,3.180286560E0
3.498038971E1,-4.240681458E-1,9.296567688E0,3.224145355E0
3.499044471E1,-4.156855774E-1,9.291328583E0,3.255430298E0
3.500050071E1,-4.763095093E-1,9.270372162E0,3.289709015E0
3.501055571E1,-5.608836365E-1,9.271270294E0,3.240012360E0
3.502061071E1,-6.162684631E-1,9.274563446E0,3.212020569E0
3.503066671E1,-5.980064392E-1,9.254056091E0,3.290457458E0
3.504072171E1,-5.755531311E-1,9.257199554E0,3.326083374E0
3.505077671E1,-5.492079163E-1,9.260642395E0,3.293451233E0
3.506083271E1,-5.330415344E-1,9.270671539E0,3.251388702E0
3.507088771E1,-5.174739075E-1,9.275311890E0,3.220702515E0
3.508094271E1,-5.177732849E-1,9.280251617E0,3.261717224E0
3.509099871E1,-5.435197449E-1,9.269024963E0,3.280428314E0
3.510105371E1,-5.613327026E-1,9.266180878E0,3.242257690E0
3.511110871E1,-5.469625854E-1,9.277257843E0,3.190615082E0
3.512116371E1,-4.784051514E-1,9.290131073E0,3.184328156E0
3.513121971E1,-4.355941772E-1,9.286987610E0,3.254681854E0
3.514127471E1,-4.279600525E-1,9.266929321E0,3.329975281E0
3.515132971E1,-4.643344116E-1,9.257648621E0,3.331621857E0
3.516138571E1,-5.574407959E-1,9.263636169E0,3.260370026E0
3.517144071E1,-6.536906433E-1,9.266629944E0,3.223845978E0
3.518149571E1,-6.851252747E-1,9.257798309E0,3.249442749E0
3.519155171E1,-6.616241455E-1,9.256002045E0,3.275488586E0
3.520160671E1,-6.050418091E-1,9.271270294E0,3.263663177E0
3.521166171E1,-5.631289673E-1,9.274264069E0,3.229384460E0
3.522171771E1,-5.264552307E-1,9.288035431E0,3.193010101E0
3.523177271E1,-5.114863586E-1,9.279802551E0,3.228636017E0
3.524182771E1,-5.165757751E-1,9.265432434E0,3.279380493E0
3.525188271E1,-5.496569824E-1,9.254954224E0,3.318299561E0
3.526193871E1,-5.869294739E-1,9.254804535E0,3.301085358E0
3.527199371E1,-5.980064392E-1,9.254954224E0,3.293151855E0
3.528204871E1,-6.086343384E-1,9.254505157E0,3.301085358E0
3.529210471E1,-6.288423157E-1,9.258995819E0,3.290457458E0
3.530215971E1,-6.379733276E-1,9.263935547E0,3.283422089E0
3.531221471E1,-6.279441833E-1,9.270521851E0,3.277883606E0
3.532227071E1,-6.075865173E-1,9.266330566E0,3.254232788E0
3.533232571E1,-5.504054260E-1,9.275611267E0,3.204835510E0
3.534238071E1,-4.891827393E-1,9.289232941E0,3.187920685E0
3.535243671E1,-4.484674072E-1,9.278605042E0,3.201093292E0
3.536249171E1,-4.873864746E-1,9.288783875E0,3.258274384E0
3.537254671E1,-5.872288513E-1,9.252110138E0,3.301684113E0
3.538260171E1,-6.786886597E-1,9.254205780E0,3.301235046E0
3.539265771E1,-7.204518127E-1,9.243577881E0,3.326831818E0
3.540271271E1,-6.810836792E-1,9.251810760E0,3.304228821E0
3.541276771E1,-6.953041077E-1,9.218729553E0,3.220253448E0
3.542282371E1,-6.387217712E-1,9.312883759E0,3.080893250E0
3.543287871E1,-9.608518982E-1,9.239386597E0,3.393742676E0
3.544293371E1,-1.059496765E0,9.235644379E0,3.464096375E0
3.545298971E1,-7.078779602E-1,9.291927338E0,3.315605164E0
3.546304471E1,-3.522175598E-1,9.292675781E0,3.110381927E0
3.547309971E1,-4.954696655E-2,9.303303680E0,3.261268158E0
3.548315571E1,7.020401001E-2,9.291627960E0,3.264261932E0
3.549321071E1,1.541793823E-2,9.340426483E0,3.153941345E0
3.550326571E1,-1.466949463E-2,9.318422241E0,2.926414490E0
3.551332071E1,2.589614868E-2,9.310788116E0,3.001857605E0
3.552337671E1,6.436614990E-3,9.305998077E0,3.192561035E0
3.553343171E1,-8.532257080E-2,9.354497223E0,3.159330139E0
3.554348671E1,-1.571731567E-2,9.243128815E0,3.367846527E0
3.555354271E1,-3.257226562E-1,9.268126831E0,3.279081116E0
3.556359771E1,-8.626560974E-1,9.255552979E0,3.311264191E0
3.557365271E1,-1.238075409E0,9.215586090E0,3.391347656E0
3.558370871E1,-1.332828369E0,9.257349243E0,3.346441040E0
3.559376371E1,-1.220262451E0,9.217082977E0,3.338357849E0
3.560381871E1,-1.096170502E0,9.229207764E0,3.272195435E0
3.561387471E1,-9.966275024E-1,9.252858582E0,3.236270142E0
3.562392971E1,-9.993218994E-1,9.231453094E0,3.364852753E0
3.563398471E1,-9.217831421E-1,9.247469788E0,3.346141663E0
3.564404071E1,-6.468049622E-1,9.249266052E0,3.132535858E0
3.565409571E1,-3.754193115E-1,9.263037415E0,3.059637451E0
3.566415071E1,-2.309696960E-1,9.302405548E0,3.065175934E0
3.567420654E1,-2.573149109E-1,9.278754730E0,3.286415863E0
3.568426254E1,-2.522254944E-1,9.293274536E0,3.582500153E0
3.569431754E1,-4.876858521E-1,9.286089478E0,3.682342529E0
3.570437254E1,-6.598278809E-1,9.256750488E0,3.180136871E0
3.571442854E1,-5.234614563E-1,9.307944031E0,2.751877441E0
3.572448354E1,-3.180885315E-1,9.292975159E0,2.843786316E0
3.573453854E1,-1.041833496E-1,9.311686249E0,3.372636566E0
3.574459454E1,-1.182540894E-1,9.263636169E0,3.628454590E0
3.575464954E1,-3.760180664E-1,9.268725586E0,3.462150421E0
3.576470454E1,-5.571414185E-1,9.299860840E0,3.169209595E0
3.577476054E1,-3.451821899E-1,9.306596832E0,2.847528534E0
3.578481554E1,-6.271957397E-2,9.355994110E0,2.848576355E0
3.579487054E1,-1.173559570E-1,9.376202087E0,2.913541260E0
3.580492654E1,-6.086343384E-1,9.256151733E0,3.190315704E0
3.581498154E1,-1.115929413E0,9.247769165E0,3.744463348E0
3.582503654E1,-1.376537476E0,9.198072510E0,3.893253937E0
3.583509154E1,-1.509311371E0,9.134754181E0,3.439996490E0
3.584514754E1,-1.311422882E0,9.203910370E0,3.098855896E0
3.585520254E1,-7.457492065E-1,9.194479980E0,3.223995667E0
3.586525754E1,3.173400879E-2,9.156908112E0,3.491489410E0
3.587531354E1,3.026705933E-1,9.198820953E0,3.596421204E0
3.588536854E1,1.496887207E-3,9.270671539E0,3.230432281E0
3.589542354E1,-4.495152283E-1,9.396559753E0,2.762954407E0
3.590547954E1,-5.794450378E-1,9.427695007E0,2.903362427E0
3.591553454E1,-4.851411438E-1,9.316326599E0,3.431015167E0
3.592558954E1,-5.372328186E-1,9.325457611E0,3.378923492E0
3.593564554E1,-6.111790466E-1,9.330547028E0,3.126099243E0
3.594570054E1,-4.981640625E-1,9.294921112E0,3.111130371E0
3.595575554E1,-2.646496582E-1,9.295070801E0,3.132236481E0
3.596581054E1,-2.218386841E-1,9.325607300E0,2.975063324E0
3.597586654E1,-3.565585327E-1,9.311386871E0,3.174149323E0
3.598592154E1,-5.685177612E-1,9.259744263E0,3.614533539E0
3.599597654E1,-4.333488464E-1,9.182205505E0,3.720213776E0
3.600603254E1,-3.147953796E-1,9.195677490E0,3.589685211E0
3.601608754E1,-6.297404480E-1,9.242679749E0,4.058659973E0
3.602614254E1,-1.244362335E0,9.834548950E0,5.738915863E0
3.603619854E1,-7.553292847E-1,1.045695465E1,6.907535706E0
3.604625354E1,1.234782257E0,1.071546707E1,4.645290070E0
3.605630854E1,2.763852539E0,9.914931793E0,4.234244843E0
3.606636454E1,1.169218597E0,8.716224518E0,4.839436340E0
3.607641954E1,-1.516496429E0,8.421337738E0,2.191592560E0
3.608647454E1,-3.060984650E0,7.982300720E0,1.559307404E0
3.609653054E1,-3.375630341E0,7.586074677E0,4.113745422E0
3.610658554E1,-3.615281982E0,8.355923767E0,4.709656219E0
3.611664054E1,-4.092190247E0,8.131989441E0,4.377946014E0
3.612669654E1,-3.572171631E0,7.542964325E0,3.279530182E0
3.613675154E1,-2.909200287E0,7.635921021E0,1.424288177E0
3.614680654E1,-2.931803284E0,6.943910065E0,7.926017761E-1
3.615686154E1,-3.323239288E0,6.931186523E0,9.122030640E-1
3.616691754E1,-3.949836273E0,8.366701355E0,2.448009338E0
3.617697254E1,-3.970343628E0,9.000932465E0,4.790637817E0
3.618702754E1,-2.903362427E0,8.251291351E0,6.581663361E0
3.619708354E1,-1.773362274E0,7.136409760E0,7.667954407E0
3.620713854E1,-1.284029846E0,6.320007477E0,8.309969330E0
3.621719354E1,-1.050365753E0,6.252348175E0,7.734266510E0
3.622724954E1,-1.090033264E0,6.859186249E0,7.300917664E0
3.623730454E1,-1.227597198E0,7.188202057E0,7.641609192E0
3.624735954E1,-1.285227356E0,7.372319183E0,7.756420441E0
3.625741554E1,-8.809181213E-1,7.194339294E0,7.576943665E0
3.626747054E1,1.249900818E-1,6.439159698E0,7.494465179E0
3.627752554E1,1.235081635E0,5.554349670E0,7.318730621E0
3.628758154E1,2.116149445E0,5.031636658E0,7.214996338E0
3.629763654E1,2.631677399E0,4.508025513E0,7.086713104E0
3.630769154E1,2.912343750E0,4.312831421E0,6.496340790E0
3.631774654E1,2.959944763E0,3.962709503E0,6.071524200E0
3.632780254E1,2.086511078E0,3.345991974E0,5.930068359E0
3.633785754E1,8.681945801E-2,3.759282532E0,6.899901581E0
3.634791254E1,-9.231303406E-1,4.708758087E0,7.387886810E0
3.635796854E1,-4.400848389E-1,4.862338715E0,7.176376648E0
3.636802354E1,9.183403015E-1,4.055965576E0,6.942113800E0
3.637807854E1,2.124382324E0,3.236120453E0,6.682703247E0
3.638813454E1,2.526595917E0,2.671344910E0,6.233038330E0
3.639818954E1,1.780247955E0,2.540067902E0,5.949228516E0
3.640824454E1,-5.364843750E-1,2.814297638E0,6.881040802E0
3.641830054E1,-3.922892303E0,4.032464447E0,7.840994568E0
3.642835554E1,-6.046077118E0,5.236410828E0,8.280480652E0
3.643841054E1,-6.337970123E0,5.188809814E0,8.844208374E0
3.644846654E1,-5.580545197E0,4.750970306E0,9.412726135E0
3.645852154E1,-4.268373871E0,4.724026337E0,9.420509949E0
3.646857654E1,-3.748504944E0,4.882995758E0,9.123527527E0
3.647863254E1,-4.011358337E0,4.589007111E0,9.451944580E0
3.648868754E1,-4.371808777E0,4.006568298E0,9.906998291E0
3.649874254E1,-4.752467194E0,3.603905640E0,1.024499542E1
3.650879754E1,-5.248236237E0,3.367397461E0,1.087009552E1
3.651885354E1,-5.905669098E0,3.264860687E0,1.149414780E1
3.652890854E1,-6.824308777E0,3.544479218E0,1.170940018E1
3.653896354E1,-7.383396149E0,3.608695679E0,1.167512146E1
3.654901954E1,-7.351512451E0,3.201392670E0,1.132544861E1
3.655907454E1,-6.649172974E0,3.004252625E0,1.071277267E1
3.656912954E1,-5.783373413E0,3.005749512E0,1.054527100E1
3.657918554E1,-5.074148254E0,3.087479553E0,1.059796143E1
3.658924054E1,-4.588108978E0,3.082090759E0,1.061442719E1
3.659929554E1,-4.473447418E0,2.958896942E0,1.109612549E1
3.660935154E1,-4.233496399E0,2.304008789E0,1.154743698E1
3.661940654E1,-3.427572327E0,1.945055237E0,1.148756149E1
3.662946154E1,-2.110910339E0,1.773961029E0,1.142633881E1
3.663951754E1,-1.055754547E0,1.505269775E0,1.138262970E1
3.664957254E1,-9.342073059E-1,1.449884949E0,1.109956833E1
3.665962754E1,-1.564097443E0,1.517843628E0,1.057850189E1
3.666968254E1,-2.148033142E0,1.649120636E0,1.019275406E1
3.667973821E1,-2.124831390E0,1.999541931E0,1.002630020E1
3.668979321E1,-1.471440125E0,2.172432404E0,9.828561401E0
3.669984821E1,-3.835025024E-1,1.983375549E0,9.629026337E0
3.670990421E1,9.327104187E-1,1.306483154E0,1.147304169E1
3.671995921E1,1.127455444E0,1.177301788E0,1.376806915E1
3.673001421E1,6.822811890E-1,1.652264099E0,1.636935974E1
3.674007021E1,1.663041687E-1,7.162605286E-1,1.106558899E1
3.675012521E1,-9.193881226E-1,-1.192869415E0,8.850195923E0
3.676018021E1,-1.953737183E0,-1.703906708E0,8.739126892E0
3.677023621E1,-1.870809631E0,-1.003662872E0,9.159901886E0
3.678029121E1,-6.273454285E-1,-1.398092651E-1,1.011177246E1
3.679034621E1,2.731819153E-1,5.909710693E-1,1.004980133E1
3.680040221E1,2.616558838E-1,1.026415558E0,9.330097961E0
3.681045721E1,-7.828720093E-2,1.052012329E0,9.122330017E0
3.682051221E1,-5.890251160E-1,8.014334106E-1,9.295819244E0
3.683056821E1,-8.008346558E-1,2.170486450E-1,1.224019638E1
3.684062321E1,-4.583468628E-1,3.791615295E-1,1.072848999E1
3.685067821E1,-3.388952637E-1,-2.902464294E-1,9.725725250E0
3.686073321E1,-1.547781372E-1,-9.656419373E-1,9.842332764E0
3.687078921E1,5.417234802E-1,-5.215155029E-1,1.005084915E1
3.688084421E1,1.065184937E0,-4.888833618E-1,9.982591095E0
3.689089921E1,1.409019928E0,-1.552272034E-1,9.523944855E0
3.690095521E1,1.358425140E0,-2.888992310E-2,9.555229797E0
3.691101021E1,8.581654358E-1,1.796264648E-2,9.929601288E0
3.692106521E1,1.001417542E-1,2.101629639E-1,1.009964767E1
3.693112121E1,1.454974365E-1,2.008822632E-1,1.001642075E1
3.694117621E1,9.550140381E-2,2.101629639E-1,9.758956146E0
3.695123121E1,5.134323120E-2,2.270777893E-1,9.559421082E0
3.696128721E1,9.086105347E-2,2.270777893E-1,9.761949921E0
3.697134221E1,1.389111328E-1,2.128573608E-1,9.972561951E0
3.698139721E1,1.627116394E-1,1.945953369E-1,9.966275024E0
3.699145321E1,1.393601990E-1,2.158511353E-1,9.981543274E0
3.700150821E1,1.121168518E-1,2.418969727E-1,9.810149689E0
3.701156321E1,1.149609375E-1,2.697390747E-1,9.742041321E0
3.702161921E1,1.224453735E-1,2.862048340E-1,9.811646576E0
3.703167421E1,1.477427673E-1,2.832110596E-1,9.856852570E0
3.704172921E1,1.866618347E-1,2.627037048E-1,9.897717590E0
3.705178421E1,1.836680603E-1,2.374063110E-1,9.937834167E0
3.706184021E1,1.634600830E-1,2.085163879E-1,9.841434631E0
3.707189521E1,1.511856079E-1,1.910028076E-1,9.810598755E0
3.708195021E1,1.405577087E-1,1.739382935E-1,9.831106110E0
3.709200621E1,1.233435059E-1,1.736389160E-1,9.837243347E0
3.710206121E1,1.203497314E-1,1.865121460E-1,9.879605255E0
3.711211621E1,1.163081360E-1,2.062710571E-1,9.876910858E0
3.712217221E1,1.182540894E-1,2.288740540E-1,9.846374359E0
3.713222721E1,1.329235840E-1,2.448907471E-1,9.837842102E0
3.714228221E1,1.568737793E-1,2.529739380E-1,9.848170624E0
3.715233821E1,1.727407837E-1,2.821632385E-1,9.838590546E0
3.716239321E1,1.799258423E-1,3.032693481E-1,9.862840118E0
3.717244821E1,1.441502380E-1,3.197351074E-1,9.887688446E0
3.718250421E1,1.110690308E-1,3.038681030E-1,9.856104126E0
3.719255921E1,1.070274353E-1,2.668949890E-1,9.822573853E0
3.720261421E1,1.143621826E-1,2.327659607E-1,9.849667511E0
3.721267021E1,1.270857239E-1,1.907034302E-1,9.872270508E0
3.722272521E1,1.369651794E-1,1.392105103E-1,9.854906616E0
3.723278021E1,1.204994202E-1,1.291813660E-1,9.865983582E0
3.724283521E1,1.002914429E-1,1.609153748E-1,9.866881714E0
3.725289121E1,8.517288208E-2,1.901046753E-1,9.837093658E0
3.726294621E1,7.888595581E-2,2.318678284E-1,9.850865021E0
3.727300121E1,9.505233765E-2,2.761756897E-1,9.853260040E0
3.728305721E1,1.209484863E-1,2.992277527E-1,9.870923309E0
3.729311221E1,1.619631958E-1,3.052153015E-1,9.827064514E0
3.730316721E1,1.899549866E-1,2.836601257E-1,9.847721558E0
3.731322321E1,2.168989563E-1,2.531236267E-1,9.839338989E0
3.732327821E1,2.293231201E-1,2.058219910E-1,9.876162415E0
3.733333321E1,2.140548706E-1,1.733395386E-1,9.815538483E0
3.734338921E1,1.751358032E-1,1.448986816E-1,9.884095917E0
3.735344421E1,1.402583313E-1,1.386117554E-1,9.846374359E0
3.736349921E1,1.140628052E-1,1.508862305E-1,9.838740234E0
3.737355521E1,1.010398865E-1,1.746867371E-1,9.855505371E0
3.738361021E1,9.565109253E-2,2.170486450E-1,9.865235138E0
3.739366521E1,8.801696777E-2,2.621049500E-1,9.843530273E0
3.740372121E1,9.325607300E-2,3.032693481E-1,9.851314087E0
3.741377621E1,1.118174744E-1,3.153941345E-1,9.860295410E0
3.742383121E1,1.076261902E-1,3.055146790E-1,9.843530273E0
3.743388621E1,1.288819885E-1,2.823129272E-1,9.844727783E0
3.744394221E1,1.369651794E-1,2.504292297E-1,9.864786072E0
3.745399721E1,1.595681763E-1,2.058219910E-1,9.834099884E0
3.746405221E1,1.776805115E-1,1.829196167E-1,9.851763153E0
3.747410821E1,1.881587219E-1,1.661544800E-1,9.856104126E0
3.748416321E1,1.835183716E-1,1.784289551E-1,9.859546967E0
3.749421821E1,1.595681763E-1,1.919009399E-1,9.855655060E0
3.750427421E1,1.308279419E-1,2.212399292E-1,9.864786072E0
3.751432921E1,1.154100037E-1,2.454895020E-1,9.847122803E0
3.752438421E1,1.041833496E-1,2.639012146E-1,9.849966888E0
3.753444021E1,9.595046997E-2,2.722837830E-1,9.864187317E0
3.754449521E1,1.131646729E-1,2.691403198E-1,9.847721558E0
3.755455021E1,1.437011719E-1,2.377056885E-1,9.852960663E0
3.756460621E1,1.588197327E-1,2.110610962E-1,9.865534515E0
3.757466121E1,1.830693054E-1,1.932481384E-1,9.839039612E0
3.758471621E1,1.944456482E-1,1.836680603E-1,9.838889923E0
3.759477221E1,1.899549866E-1,2.065704346E-1,9.873318329E0
3.760482721E1,1.558259583E-1,2.269281006E-1,9.848769379E0
3.761488221E1,1.184037781E-1,2.266287231E-1,9.846074982E0
3.762493821E1,9.819580078E-2,2.529739380E-1,9.873917084E0
3.763499321E1,9.385482788E-2,2.707868958E-1,9.853110352E0
3.764504821E1,9.774673462E-2,2.604583740E-1,9.839039612E0
3.765510321E1,9.834548950E-2,2.634521484E-1,9.872869263E0
3.766515921E1,1.059796143E-1,2.520758057E-1,9.857301636E0
3.767521433E1,1.344204712E-1,2.401007080E-1,9.834099884E0
3.768526933E1,1.398092651E-1,2.228865051E-1,9.865384827E0
3.769532533E1,1.339714050E-1,2.122586060E-1,9.854158173E0
3.770538033E1,1.451980591E-1,1.980381775E-1,9.853260040E0
3.771543533E1,1.402583313E-1,2.092648315E-1,9.865235138E0
3.772549133E1,1.531315613E-1,2.103126526E-1,9.857301636E0
3.773554633E1,1.570234680E-1,2.218386841E-1,9.848020935E0
3.774560133E1,1.462458801E-1,2.384541321E-1,9.857601013E0
3.775565733E1,1.441502380E-1,2.549198914E-1,9.857002258E0
3.776571233E1,1.495390320E-1,2.616558838E-1,9.847122803E0
3.777576733E1,1.440005493E-1,2.418969727E-1,9.845027161E0
3.778582333E1,1.437011719E-1,2.288740540E-1,9.859097900E0
3.779587833E1,1.417552185E-1,2.143542480E-1,9.851463776E0
3.780593333E1,1.514849854E-1,2.025288391E-1,9.848020935E0
3.781598933E1,1.423539734E-1,1.992356873E-1,9.849368134E0
3.782604433E1,1.318757629E-1,2.017803955E-1,9.853858795E0
3.783609933E1,1.245410156E-1,2.152523804E-1,9.849368134E0
3.784615533E1,1.121168518E-1,2.371069336E-1,9.858499146E0
3.785621033E1,1.185534668E-1,2.556683350E-1,9.831555176E0
3.786626533E1,1.281335449E-1,2.631527710E-1,9.858349457E0
3.787632033E1,1.166075134E-1,2.568658447E-1,9.844428406E0
3.788637633E1,1.300794983E-1,2.427951050E-1,9.847422180E0
3.789643133E1,1.417552185E-1,2.323168945E-1,9.859996033E0
3.790648633E1,1.457968140E-1,2.180964661E-1,9.845476227E0
3.791654233E1,1.564247131E-1,2.070195007E-1,9.852062531E0
3.792659733E1,1.465452576E-1,2.118095398E-1,9.867779846E0
3.793665233E1,1.411564636E-1,2.067201233E-1,9.859546967E0
3.794670833E1,1.272354126E-1,2.116598511E-1,9.851314087E0
3.795676333E1,1.261875916E-1,2.240840149E-1,9.861343231E0
3.796681833E1,1.312770081E-1,2.435435486E-1,9.856553192E0
3.797687433E1,1.405577087E-1,2.514770508E-1,9.854756927E0
3.798692933E1,1.546284485E-1,2.538720703E-1,9.852661285E0
3.799698433E1,1.600172424E-1,2.465373230E-1,9.846074982E0
3.800704033E1,1.679507446E-1,2.315684509E-1,9.838740234E0
3.801709533E1,1.660047913E-1,2.180964661E-1,9.842632141E0
3.802715033E1,1.374142456E-1,2.130070496E-1,9.848320312E0
3.803720633E1,1.239422607E-1,2.124082947E-1,9.852810974E0
3.804726133E1,1.170565796E-1,2.222877502E-1,9.865983582E0
3.805731633E1,1.001417542E-1,2.233355713E-1,9.854607239E0
3.806737233E1,1.019380188E-1,2.267784119E-1,9.849068756E0
3.807742733E1,1.151106262E-1,2.409988403E-1,9.863438873E0
3.808748233E1,1.291813660E-1,2.469863892E-1,9.850865021E0
3.809753833E1,1.336720276E-1,2.395019531E-1,9.851613464E0
3.810759333E1,1.558259583E-1,2.314187622E-1,9.863438873E0
3.811764833E1,1.544787598E-1,2.302212524E-1,9.847571869E0
3.812770333E1,1.625619507E-1,2.279759216E-1,9.857301636E0
3.813775933E1,1.561253357E-1,2.246827698E-1,9.861941986E0
3.814781433E1,1.532812500E-1,2.163002014E-1,9.850565643E0
3.815786933E1,1.434017944E-1,2.077679443E-1,9.851314087E0
3.816792533E1,1.342707825E-1,2.165995789E-1,9.857601013E0
3.817798033E1,1.402583313E-1,2.203417969E-1,9.841434631E0
3.818803533E1,1.463955688E-1,2.263293457E-1,9.847871246E0
3.819809133E1,1.288819885E-1,2.309696960E-1,9.867330780E0
3.820814633E1,1.285826111E-1,2.302212524E-1,9.847871246E0
3.821820133E1,1.296304321E-1,2.383044434E-1,9.848470001E0
3.822825733E1,1.336720276E-1,2.408491516E-1,9.855205994E0
3.823831233E1,1.240919495E-1,2.366578674E-1,9.864187317E0
3.824836733E1,1.345701599E-1,2.239343262E-1,9.848919067E0
3.825842333E1,1.380130005E-1,2.225871277E-1,9.866881714E0
3.826847833E1,1.393601990E-1,2.255809021E-1,9.850565643E0
3.827853333E1,1.419049072E-1,2.246827698E-1,9.836494904E0
3.828858933E1,1.387614441E-1,2.180964661E-1,9.869875488E0
3.829864433E1,1.414558411E-1,2.356100464E-1,9.850116577E0
3.830869933E1,1.360670471E-1,2.321672058E-1,9.869426422E0
3.831875533E1,1.350192261E-1,2.369572449E-1,9.861941986E0
3.832881033E1,1.336720276E-1,2.335144043E-1,9.844727783E0
3.833886533E1,1.329235840E-1,2.204914856E-1,9.858050079E0
3.834892133E1,1.362167358E-1,2.252815247E-1,9.852810974E0
3.835897633E1,1.404080200E-1,2.242337036E-1,9.849218445E0
3.836903133E1,1.354682922E-1,2.248324585E-1,9.861193542E0
3.837908633E1,1.390608215E-1,2.239343262E-1,9.842632141E0
3.838914233E1,1.405577087E-1,2.276765442E-1,9.853858795E0
3.839919733E1,1.404080200E-1,2.320175171E-1,9.859247589E0
3.840925233E1,1.272354126E-1,2.447410583E-1,9.849517822E0
3.841930833E1,1.199006653E-1,2.360591125E-1,9.855954437E0
3.842936333E1,1.160087585E-1,2.439926147E-1,9.845326538E0
3.843941833E1,1.221459961E-1,2.350112915E-1,9.851613464E0