"Time (s)","X (µT)","Y (µT)","Z (µT)"
5.558816667E-2,-3.107734680E0,3.564801025E1,3.869238281E1
6.564316666E-2,-3.037307739E0,3.586143494E1,3.861849213E1
7.569816665E-2,-2.920959473E0,3.588027954E1,3.859690857E1
8.575316667E-2,-2.949562073E0,3.553707886E1,3.845835114E1
9.580816666E-2,-3.048408508E0,3.558316803E1,3.849890137E1
1.058631667E-1,-2.911895752E0,3.575167847E1,3.875214386E1
1.159181667E-1,-2.921607971E0,3.576457214E1,3.851890564E1
1.259731667E-1,-2.790908813E0,3.602441406E1,3.822404480E1
1.360281667E-1,-3.052124023E0,3.563317871E1,3.849089813E1
1.460831667E-1,-3.345115662E0,3.564442444E1,3.830751801E1
1.561381667E-1,-3.093498230E0,3.560949707E1,3.811623383E1
1.661931667E-1,-3.165412903E0,3.566079712E1,3.853171539E1
1.762481667E-1,-3.350364685E0,3.559983826E1,3.831758118E1
1.863031667E-1,-3.207267761E0,3.560289764E1,3.819091034E1
1.963581667E-1,-3.346313477E0,3.579264069E1,3.825975037E1
2.064131667E-1,-2.958114624E0,3.582460022E1,3.847103882E1
2.164681667E-1,-3.117713928E0,3.553492737E1,3.815426636E1
2.265231667E-1,-3.268966675E0,3.575063324E1,3.821160889E1
2.365781667E-1,-3.294387817E0,3.584423065E1,3.814846039E1
2.466331667E-1,-3.180801392E0,3.571563721E1,3.812544250E1
2.566881667E-1,-3.184738159E0,3.571658325E1,3.817047119E1
2.667431667E-1,-3.100807190E0,3.577832794E1,3.821202850E1
2.767981667E-1,-3.140243530E0,3.581499481E1,3.858090973E1
2.868531667E-1,-3.060531616E0,3.584622192E1,3.835092926E1
2.969081667E-1,-3.069129944E0,3.572746277E1,3.831548309E1
3.069631667E-1,-2.982742310E0,3.581538391E1,3.836374664E1
3.170191667E-1,-3.024650574E0,3.575103760E1,3.864322662E1
3.270741666E-1,-3.015495300E0,3.578901672E1,3.861743927E1
3.371291667E-1,-2.972801208E0,3.573105621E1,3.890513611E1
3.471841667E-1,-3.033943176E0,3.575986481E1,3.880043793E1
3.572391667E-1,-3.034706116E0,3.576175690E1,3.892462158E1
3.672941667E-1,-3.028007507E0,3.577688599E1,3.872496033E1
3.773491667E-1,-3.118118286E0,3.553974152E1,3.835855103E1
3.874041667E-1,-3.333503723E0,3.543838501E1,3.861737823E1
3.974591667E-1,-3.180671692E0,3.577702332E1,3.830621338E1
4.075141667E-1,-3.273864746E0,3.556968689E1,3.834284973E1
4.175691667E-1,-3.167366028E0,3.560264587E1,3.863342285E1
4.276241667E-1,-3.248802185E0,3.572782135E1,3.872124481E1
4.376791667E-1,-3.202812195E0,3.579959106E1,3.892357635E1
4.477341667E-1,-3.218818665E0,3.597695160E1,3.889763641E1
4.577891667E-1,-3.171684265E0,3.572251129E1,3.890155029E1
4.678441667E-1,-3.218132019E0,3.575868988E1,3.876544952E1
4.778991667E-1,-3.003280640E0,3.579515839E1,3.857123566E1
4.879541667E-1,-3.123405457E0,3.555845642E1,3.845944977E1
4.980091667E-1,-3.234497070E0,3.562817383E1,3.865792847E1
5.080641667E-1,-3.152305603E0,3.544898987E1,3.844545746E1
5.181191667E-1,-3.129325867E0,3.569805145E1,3.848733521E1
5.281741667E-1,-3.310783386E0,3.563117981E1,3.832546997E1
5.382291667E-1,-3.341514587E0,3.560932922E1,3.811694336E1
5.482841667E-1,-3.224113464E0,3.550035095E1,3.847719574E1
5.583391667E-1,-3.133117676E0,3.534289551E1,3.859537506E1
5.683941667E-1,-3.378784180E0,3.555043793E1,3.861351013E1
5.784491667E-1,-3.352951050E0,3.564133453E1,3.861090851E1
5.885041667E-1,-3.300376892E0,3.551531219E1,3.857470703E1
5.985591667E-1,-3.184860229E0,3.548085022E1,3.855631256E1
6.086141667E-1,-3.310958862E0,3.512339783E1,3.855043793E1
6.186691667E-1,-3.374961853E0,3.519390106E1,3.880993652E1
6.287241667E-1,-3.431335449E0,3.544400787E1,3.878477478E1
6.387791666E-1,-3.241226196E0,3.526725769E1,3.870299530E1
6.488341667E-1,-3.175170898E0,3.553822327E1,3.884346771E1
6.588891667E-1,-3.430992126E0,3.573554993E1,3.825063324E1
6.689441667E-1,-3.224548340E0,3.556537628E1,3.824192047E1
6.789991667E-1,-3.147979736E0,3.568523407E1,3.829202271E1
6.890551667E-1,-3.281463623E0,3.562568665E1,3.811940002E1
6.991101667E-1,-3.284744263E0,3.556108093E1,3.832305908E1
7.091651667E-1,-3.418220520E0,3.548909760E1,3.824097443E1
7.192201667E-1,-3.249984741E0,3.538723755E1,3.839634705E1
7.292751667E-1,-3.344253540E0,3.548445129E1,3.828318024E1
7.393301667E-1,-3.411460876E0,3.559834290E1,3.811947632E1
7.493851667E-1,-3.518852234E0,3.558872986E1,3.820723724E1
7.594401667E-1,-3.481452942E0,3.551162720E1,3.810943604E1
7.694951667E-1,-3.217582703E0,3.547864532E1,3.799806213E1
7.795501667E-1,-3.396636963E0,3.558841705E1,3.790395355E1
7.896051667E-1,-3.353042603E0,3.578639221E1,3.811468506E1
7.996601667E-1,-3.139266968E0,3.572531891E1,3.847264099E1
8.097151667E-1,-3.115356445E0,3.572550201E1,3.829683685E1
8.197701667E-1,-3.111419678E0,3.564452362E1,3.833800507E1
8.298251667E-1,-3.280578613E0,3.561576843E1,3.856710815E1
8.398801667E-1,-3.357727051E0,3.568748474E1,3.848328400E1
8.499351667E-1,-3.421730042E0,3.568171692E1,3.842798615E1
8.599901667E-1,-3.284049988E0,3.566422272E1,3.830867767E1
8.700451667E-1,-3.343139648E0,3.551345825E1,3.861022949E1
8.801000417E-1,-3.431610107E0,3.560611725E1,3.873558044E1
8.901550417E-1,-3.417869568E0,3.574358368E1,3.861322021E1
9.002100417E-1,-3.360771179E0,3.565035248E1,3.837081146E1
9.102650417E-1,-3.403755188E0,3.583792114E1,3.832992554E1
9.203200417E-1,-3.414573669E0,3.594512939E1,3.848234558E1
9.303750417E-1,-3.354194641E0,3.589199829E1,3.832113647E1
9.404300417E-1,-3.400444031E0,3.584722900E1,3.813377380E1
9.504850417E-1,-3.425811768E0,3.575158691E1,3.827096558E1
9.605400417E-1,-3.458610535E0,3.567020416E1,3.816937256E1
9.705950417E-1,-3.272216797E0,3.569950104E1,3.837087250E1
9.806500417E-1,-3.269577026E0,3.585260010E1,3.817571259E1
9.907050417E-1,-3.349571228E0,3.565125275E1,3.844374847E1
1.000760042E0,-3.438789368E0,3.568041229E1,3.833914948E1
1.010815042E0,-3.312820435E0,3.548673248E1,3.865220642E1
1.020870042E0,-3.541404724E0,3.561403656E1,3.877268982E1
1.030925042E0,-3.309791565E0,3.556733704E1,3.839115143E1
1.040980042E0,-3.420837402E0,3.574523163E1,3.792590332E1
1.051036042E0,-3.335304260E0,3.553327942E1,3.828269196E1
1.061091042E0,-3.317153931E0,3.559446716E1,3.849518585E1
1.071146042E0,-3.355308533E0,3.549628448E1,3.840732574E1
1.081201042E0,-3.237602234E0,3.564796448E1,3.854445648E1
1.091256042E0,-3.393722534E0,3.562014771E1,3.859129333E1
1.101311042E0,-3.111236572E0,3.573918915E1,3.877730560E1
1.111366042E0,-3.112052917E0,3.563399506E1,3.860240173E1
1.121421042E0,-3.136909485E0,3.550899506E1,3.852985382E1
1.131476042E0,-3.043205261E0,3.570289612E1,3.830851746E1
1.141531042E0,-2.986640930E0,3.576818848E1,3.845860291E1
1.151586042E0,-3.178764343E0,3.581959534E1,3.862561798E1
1.161641042E0,-3.064506531E0,3.565730286E1,3.862325287E1
1.171696042E0,-2.974807739E0,3.568176270E1,3.844611359E1
1.181751042E0,-2.979110718E0,3.577236938E1,3.822248077E1
1.191806042E0,-3.066619873E0,3.595896149E1,3.874740601E1
1.201861042E0,-3.195892334E0,3.583542633E1,3.835527802E1
1.211916042E0,-3.210823059E0,3.584323120E1,3.822393036E1
1.221971042E0,-3.383460999E0,3.582247162E1,3.880155182E1
1.232026042E0,-3.548416138E0,3.569128418E1,3.826283264E1
1.242081042E0,-3.400772095E0,3.570293427E1,3.831924438E1
1.252136042E0,-3.053367615E0,3.572148895E1,3.834893799E1
1.262191042E0,-3.221473694E0,3.567560577E1,3.830091095E1
1.272246042E0,-3.149505615E0,3.574369049E1,3.864569855E1
1.282301042E0,-3.319091797E0,3.583390045E1,3.839491272E1
1.292356042E0,-3.092208862E0,3.571916199E1,3.824249268E1
1.302411042E0,-3.377273560E0,3.578009033E1,3.854357910E1
1.312466042E0,-2.915214539E0,3.558227539E1,3.871153259E1
1.322521042E0,-2.936775208E0,3.559916687E1,3.843772888E1
1.332576042E0,-3.238883972E0,3.553038788E1,3.863752747E1
1.342631042E0,-3.338615417E0,3.565710449E1,3.864414978E1
1.352686042E0,-3.200363159E0,3.571902466E1,3.845093536E1
1.362741042E0,-3.129859924E0,3.573210907E1,3.811952972E1
1.372796042E0,-3.117187500E0,3.564031982E1,3.832376099E1
1.382851042E0,-3.015792847E0,3.569402313E1,3.842438507E1
1.392906042E0,-3.091590881E0,3.585151672E1,3.832879639E1
1.402961042E0,-3.144927979E0,3.566107941E1,3.788318634E1
1.413016042E0,-3.177093506E0,3.579007721E1,3.800434113E1
1.423071042E0,-3.138328552E0,3.583543396E1,3.808130646E1
1.433127042E0,-3.467544556E0,3.549684906E1,3.776537323E1
1.443182042E0,-3.444091797E0,3.546817017E1,3.773006439E1
1.453237042E0,-3.147277832E0,3.541661072E1,3.803813934E1
1.463292042E0,-3.144500732E0,3.551976013E1,3.802358246E1
1.473347042E0,-3.139518738E0,3.547387695E1,3.829405212E1
1.483402042E0,-3.039154053E0,3.538914490E1,3.828606415E1
1.493457042E0,-3.094856262E0,3.533388519E1,3.797973633E1
1.503512042E0,-3.149253845E0,3.528977203E1,3.823114014E1
1.513567042E0,-3.155944824E0,3.535175323E1,3.827484894E1
1.523622042E0,-3.154571533E0,3.527581024E1,3.809751129E1
1.533677042E0,-3.250274658E0,3.520318604E1,3.811716461E1
1.543732042E0,-3.039840698E0,3.523287201E1,3.810798645E1
1.553787042E0,-2.963195801E0,3.533567047E1,3.809303284E1
1.563842042E0,-3.093559265E0,3.533144379E1,3.819270325E1
1.573897042E0,-3.077468872E0,3.541564941E1,3.819320679E1
1.583952042E0,-3.084571838E0,3.564148712E1,3.784463501E1
1.594007042E0,-2.940841675E0,3.553016663E1,3.802867889E1
1.604062042E0,-3.076957703E0,3.534001923E1,3.813253021E1
1.614117042E0,-3.213584900E0,3.538581085E1,3.857933044E1
1.624172042E0,-3.275917053E0,3.563300323E1,3.825361633E1
1.634227042E0,-3.323402405E0,3.564260101E1,3.836801910E1
1.644282042E0,-3.388885498E0,3.569879913E1,3.823033142E1
1.654337042E0,-3.155235291E0,3.570652008E1,3.807289886E1
1.664392042E0,-3.326263428E0,3.562142944E1,3.813894653E1
1.674447042E0,-3.209007263E0,3.565555573E1,3.787490082E1
1.684502042E0,-3.295509338E0,3.556535339E1,3.838668060E1
1.694557042E0,-3.010833740E0,3.560922241E1,3.814241028E1
1.704612042E0,-3.176086426E0,3.544237518E1,3.856465912E1
1.714667042E0,-3.014808655E0,3.551176453E1,3.847876740E1
1.724722042E0,-2.894996643E0,3.555407715E1,3.812037659E1
1.734777042E0,-2.904502869E0,3.564608002E1,3.813889313E1
1.744832042E0,-3.098007202E0,3.576890564E1,3.843825531E1
1.754887042E0,-2.859046936E0,3.579826355E1,3.833622742E1
1.764942042E0,-2.940582275E0,3.549647522E1,3.826226807E1
1.774997042E0,-2.725158691E0,3.575234222E1,3.842645264E1
1.785052042E0,-2.947029114E0,3.568172455E1,3.856673431E1
1.795107042E0,-2.707115173E0,3.573968506E1,3.797021484E1
1.805162042E0,-2.840553284E0,3.545700836E1,3.841851044E1
1.815217042E0,-3.070304871E0,3.543918610E1,3.829640198E1
1.825272042E0,-2.751747131E0,3.533608246E1,3.828860474E1
1.835327042E0,-2.629486084E0,3.555407715E1,3.781177521E1
1.845383042E0,-2.885131836E0,3.565804291E1,3.798993683E1
1.855438042E0,-3.024734497E0,3.570170593E1,3.814587402E1
1.865493042E0,-2.983497620E0,3.569277191E1,3.829827118E1
1.875548042E0,-3.097785950E0,3.571131897E1,3.823894501E1
1.885602125E0,-3.146919250E0,3.553919220E1,3.808661652E1
1.895657125E0,-3.124855042E0,3.554770660E1,3.796418762E1
1.905712125E0,-3.115226746E0,3.545230865E1,3.820048523E1
1.915767125E0,-3.112922668E0,3.553995514E1,3.863993073E1
1.925822125E0,-3.043693542E0,3.540637970E1,3.866972351E1
1.935877125E0,-2.926376343E0,3.561451721E1,3.859207916E1
1.945932125E0,-3.039382935E0,3.557730865E1,3.853134918E1
1.955987125E0,-3.124740601E0,3.540731049E1,3.863135529E1
1.966042125E0,-2.901107788E0,3.556029510E1,3.848244476E1
1.976097125E0,-3.147399902E0,3.587104797E1,3.841885376E1
1.986152125E0,-3.175132751E0,3.572528839E1,3.880603027E1
1.996207125E0,-3.052772522E0,3.571076965E1,3.828386688E1
2.006262125E0,-3.105346680E0,3.573572540E1,3.867221069E1
2.016317125E0,-3.072319031E0,3.563748932E1,3.847559357E1
2.026372125E0,-3.336135864E0,3.568921661E1,3.840719604E1
2.036427125E0,-3.325790405E0,3.571856689E1,3.876564789E1
2.046482125E0,-3.152000427E0,3.579863739E1,3.873856354E1
2.056537125E0,-3.173362732E0,3.583482361E1,3.847762299E1
2.066592125E0,-3.136032104E0,3.575774384E1,3.856987000E1
2.076647125E0,-3.276077271E0,3.566800690E1,3.833699036E1
2.086702125E0,-3.150680542E0,3.578525543E1,3.875193787E1
2.096757125E0,-3.170173645E0,3.581811523E1,3.880697632E1
2.106812125E0,-2.888999939E0,3.574066925E1,3.886854553E1
2.116867125E0,-3.000007629E0,3.583420563E1,3.854290009E1
2.126922125E0,-3.086296082E0,3.578573608E1,3.850771332E1
2.136977125E0,-3.167747498E0,3.590921021E1,3.857237244E1
2.147032125E0,-3.345001221E0,3.598103333E1,3.827645111E1
2.157087125E0,-3.154937744E0,3.551436615E1,3.844241333E1
2.167142125E0,-3.283584595E0,3.564031219E1,3.828175354E1
2.177197125E0,-3.167915344E0,3.570330048E1,3.837018585E1
2.187252125E0,-3.149917603E0,3.553253174E1,3.852238464E1
2.197307125E0,-3.256454468E0,3.577165222E1,3.865039825E1
2.207362125E0,-3.312141418E0,3.571334076E1,3.848506165E1
2.217417125E0,-3.365882874E0,3.571618652E1,3.882813263E1
2.227472125E0,-3.108558655E0,3.580658722E1,3.851436615E1
2.237527125E0,-3.212043762E0,3.569975281E1,3.840290070E1
2.247582125E0,-3.014717102E0,3.575934601E1,3.864875793E1
2.257637125E0,-3.052345276E0,3.582392120E1,3.839750671E1
2.267693125E0,-3.445877075E0,3.578018951E1,3.834631348E1
2.277748125E0,-3.311943054E0,3.573330688E1,3.853765869E1
2.287803125E0,-3.365921021E0,3.558856964E1,3.819585419E1
2.297858125E0,-3.231422424E0,3.541397095E1,3.854413605E1
2.307913125E0,-2.996299744E0,3.532164764E1,3.847550964E1
2.317968125E0,-3.064765930E0,3.552089691E1,3.834101105E1
2.328023125E0,-3.097892761E0,3.548117065E1,3.850521851E1
2.338078125E0,-3.090797424E0,3.556794739E1,3.865483093E1
2.348133125E0,-3.316192627E0,3.567491913E1,3.856130219E1
2.358188125E0,-3.275466919E0,3.578909302E1,3.827705383E1
2.368243125E0,-3.397979736E0,3.563300323E1,3.821720123E1
2.378298125E0,-3.361038208E0,3.584779358E1,3.843832397E1
2.388353125E0,-3.347183228E0,3.580733490E1,3.830921173E1
2.398408125E0,-3.449386597E0,3.578007507E1,3.869176483E1
2.408463125E0,-3.293693542E0,3.568843842E1,3.849883270E1
2.418518125E0,-3.199432373E0,3.574223328E1,3.831832123E1
2.428573125E0,-3.140708923E0,3.600209045E1,3.815258026E1
2.438628125E0,-3.169616699E0,3.588244629E1,3.853654480E1
2.448683125E0,-3.312271118E0,3.547656250E1,3.884795380E1
2.458738125E0,-3.202949524E0,3.563616943E1,3.880361938E1
2.468793125E0,-3.108474731E0,3.580108643E1,3.858230591E1
2.478848125E0,-3.231063843E0,3.584281158E1,3.859219360E1
2.488903125E0,-3.175056458E0,3.580323792E1,3.857704163E1
2.498958125E0,-2.899223328E0,3.584079742E1,3.852536774E1
2.509013125E0,-2.823158264E0,3.569009399E1,3.863110352E1
2.519068125E0,-2.492843628E0,3.568550110E1,3.883885956E1
2.529123125E0,-2.655487061E0,3.575377655E1,3.879151154E1
2.539178125E0,-2.589103699E0,3.575707245E1,3.869185638E1
2.549233125E0,-2.611724854E0,3.593817902E1,3.871811676E1
2.559288125E0,-2.697532654E0,3.570160675E1,3.860494232E1
2.569343125E0,-2.713806152E0,3.577453613E1,3.867539978E1
2.579398125E0,-2.872726440E0,3.581673431E1,3.894716644E1
2.589453125E0,-2.754577637E0,3.571326447E1,3.907514191E1
2.599508125E0,-2.949806213E0,3.572241974E1,3.906833649E1
2.609563125E0,-2.748283386E0,3.580158234E1,3.922853088E1
2.619618125E0,-2.782585144E0,3.575272369E1,3.874697113E1
2.629673125E0,-2.988632202E0,3.566619110E1,3.894093323E1
2.639728125E0,-2.955703735E0,3.564738464E1,3.889497375E1
2.649783125E0,-3.323303223E0,3.567131805E1,3.886289978E1
2.659838125E0,-3.264442444E0,3.573614502E1,3.904332733E1
2.669893125E0,-3.417808533E0,3.555102539E1,3.858821106E1
2.679948125E0,-3.468162537E0,3.566479492E1,3.852809906E1
2.690003125E0,-3.491241455E0,3.549837494E1,3.868243408E1
2.700058125E0,-3.577110291E0,3.556887054E1,3.870143127E1
2.710113125E0,-3.624519348E0,3.546100616E1,3.863202667E1
2.720168125E0,-3.659362793E0,3.535003662E1,3.854268646E1
2.730223125E0,-3.745246887E0,3.554254913E1,3.853136444E1
2.740279125E0,-3.721092224E0,3.521840668E1,3.864718628E1
2.750334125E0,-3.758514404E0,3.519489288E1,3.868385315E1
2.760389125E0,-4.102394104E0,3.491770172E1,3.892617798E1
2.770444125E0,-4.241104126E0,3.474581909E1,3.901815796E1
2.780499125E0,-4.136367798E0,3.486968994E1,3.899082184E1
2.790554125E0,-4.265457153E0,3.482743835E1,3.913643646E1
2.800609125E0,-4.258140564E0,3.479078674E1,3.943051910E1
2.810664125E0,-4.443634033E0,3.483327484E1,3.927465820E1
2.820719125E0,-4.292114258E0,3.466709900E1,3.926619720E1
2.830774125E0,-4.661399841E0,3.479849243E1,3.922647095E1
2.840829125E0,-4.601547241E0,3.462195587E1,3.924056244E1
2.850884125E0,-4.931610107E0,3.461863708E1,3.920700836E1
2.860939125E0,-5.117393494E0,3.480764008E1,3.895613098E1
2.870994125E0,-5.523727417E0,3.503637695E1,3.871497345E1
2.881049125E0,-5.793907166E0,3.501379395E1,3.858721924E1
2.891105167E0,-6.060386658E0,3.525312042E1,3.866234589E1
2.901160167E0,-6.165199280E0,3.528360748E1,3.863742065E1
2.911215167E0,-6.150245667E0,3.536498260E1,3.859893799E1
2.921270167E0,-6.052665710E0,3.519569397E1,3.838864136E1
2.931325167E0,-5.720146179E0,3.549295044E1,3.853073120E1
2.941380167E0,-5.709587097E0,3.561627197E1,3.862041473E1
2.951435167E0,-5.602478027E0,3.570517731E1,3.835169983E1
2.961490167E0,-5.558525085E0,3.577629852E1,3.829494476E1
2.971545167E0,-5.662643433E0,3.555542755E1,3.895549774E1
2.981600167E0,-5.717056274E0,3.521060944E1,3.892499542E1
2.991655167E0,-5.636917114E0,3.506500244E1,3.911035156E1
3.001710167E0,-5.676582336E0,3.469109344E1,3.940131378E1
3.011765167E0,-5.294143677E0,3.448221588E1,3.961373138E1
3.021820167E0,-4.977607727E0,3.420887756E1,3.980581665E1
3.031875167E0,-4.946228027E0,3.399507904E1,3.983893585E1
3.041930167E0,-4.838821411E0,3.416382599E1,4.030285645E1
3.051985167E0,-4.430664062E0,3.392575836E1,4.060202789E1
3.062040167E0,-4.284889221E0,3.361304474E1,4.065817261E1
3.072095167E0,-3.859481812E0,3.338103485E1,4.107121277E1
3.082150167E0,-3.600494385E0,3.331938171E1,4.116725922E1
3.092205167E0,-3.564468384E0,3.317420197E1,4.157643890E1
3.102260167E0,-3.406616211E0,3.306396484E1,4.130394745E1
3.112315167E0,-3.448410034E0,3.300408173E1,4.155252838E1
3.122370167E0,-2.794883728E0,3.293332672E1,4.153062439E1
3.132425167E0,-2.597122192E0,3.275857544E1,4.199703979E1
3.142480167E0,-2.118682861E0,3.254003906E1,4.192890930E1
3.152535167E0,-2.084716797E0,3.266538239E1,4.197929382E1
3.162590167E0,-1.994239807E0,3.244940186E1,4.239282227E1
3.172645167E0,-1.691406250E0,3.229125977E1,4.237320709E1
3.182700167E0,-1.472717285E0,3.197492981E1,4.209490204E1
3.192755167E0,-1.420257568E0,3.187753296E1,4.265312958E1
3.202810167E0,-1.359176636E0,3.166752625E1,4.230519867E1
3.212865167E0,-1.311271667E0,3.189186859E1,4.238989258E1
3.222920167E0,-1.126373291E0,3.205508423E1,4.230326080E1
3.232975167E0,-7.982559204E-1,3.209712982E1,4.274909973E1
3.243031167E0,-6.231765747E-1,3.230645752E1,4.256967163E1
3.253086167E0,-4.434585571E-1,3.248808289E1,4.261011505E1
3.263141167E0,6.994247437E-2,3.228433228E1,4.227234650E1
3.273196167E0,2.125129700E-1,3.240574646E1,4.255125427E1
3.283251167E0,4.839401245E-1,3.247209930E1,4.256747437E1
3.293306167E0,6.624488831E-1,3.238107300E1,4.222612762E1
3.303361167E0,8.534393311E-1,3.234683228E1,4.259232330E1
3.313416167E0,1.151550293E0,3.233157349E1,4.289817047E1
3.323471167E0,1.501457214E0,3.248912048E1,4.269207001E1
3.333526167E0,1.625408173E0,3.253235626E1,4.269248962E1
3.343581167E0,1.792648315E0,3.265816498E1,4.293816376E1
3.353636167E0,2.090114594E0,3.243581390E1,4.298830414E1
3.363691167E0,1.803260803E0,3.248823547E1,4.245425415E1
3.373746167E0,1.818138123E0,3.247831726E1,4.263143158E1
3.383801167E0,1.860668182E0,3.234129333E1,4.253897858E1
3.393856167E0,1.834533691E0,3.248012543E1,4.248920441E1
3.403911167E0,1.793811798E0,3.234546661E1,4.274459839E1
3.413966167E0,1.658683777E0,3.210420990E1,4.287610626E1
3.424021167E0,1.538063049E0,3.189979553E1,4.328622437E1
3.434076167E0,1.730346680E0,3.170164490E1,4.314144897E1
3.444131167E0,1.761898041E0,3.156932831E1,4.314624023E1
3.454186167E0,1.735851288E0,3.140279388E1,4.327575684E1
3.464241167E0,1.672874451E0,3.157531738E1,4.305312347E1
3.474296167E0,1.700263977E0,3.179519653E1,4.296105194E1
3.484351167E0,1.688179016E0,3.184264374E1,4.309716797E1
3.494406167E0,1.580570221E0,3.179482269E1,4.320500946E1
3.504461167E0,1.312355042E0,3.204145813E1,4.307453918E1
3.514516167E0,1.193805695E0,3.219486237E1,4.302465057E1
3.524571167E0,1.214187622E0,3.206404877E1,4.315995026E1
3.534626167E0,1.300125122E0,3.189065552E1,4.335510254E1
3.544681167E0,1.286190033E0,3.186614227E1,4.330274963E1
3.554736167E0,1.353626251E0,3.175617218E1,4.308036041E1
3.564791167E0,1.319408417E0,3.189652252E1,4.306131744E1
3.574846167E0,1.283012390E0,3.189084625E1,4.303355408E1
3.584901167E0,1.261814117E0,3.168492889E1,4.301900482E1
3.594956167E0,8.586349487E-1,3.172003174E1,4.312567902E1
3.605011167E0,6.291160583E-1,3.156369781E1,4.277531433E1
3.615066167E0,3.863639832E-1,3.159204865E1,4.289988708E1
3.625121167E0,5.570335388E-1,3.130705261E1,4.309906006E1
3.635176167E0,7.083053589E-1,3.095686340E1,4.354547119E1
3.645231167E0,5.114364624E-1,3.086840820E1,4.343747711E1
3.655286167E0,6.899223328E-1,3.084797668E1,4.389000702E1
3.665341167E0,5.946350098E-1,3.075511169E1,4.362405396E1
3.675396167E0,6.355209351E-1,3.054043579E1,4.376396179E1
3.685451167E0,5.942039490E-1,3.050076294E1,4.409751129E1
3.695506167E0,5.642051697E-1,3.056376648E1,4.399451447E1
3.705561167E0,1.026252747E0,3.072576904E1,4.377087402E1
3.715616167E0,9.939956665E-1,3.072696686E1,4.411280823E1
3.725671167E0,1.310077667E0,3.048937988E1,4.432242584E1
3.735726167E0,1.217971802E0,3.034986877E1,4.421958160E1
3.745781167E0,1.554428101E0,3.009747314E1,4.423028564E1
3.755836167E0,2.018211365E0,2.966997528E1,4.445967102E1
3.765891167E0,2.165096283E0,2.938938904E1,4.466184235E1
3.775946167E0,2.380783081E0,2.906024170E1,4.497369385E1
3.786001167E0,2.468475342E0,2.897624969E1,4.522635651E1
3.796056167E0,2.389995575E0,2.880023193E1,4.557669067E1
3.806111167E0,2.137474060E0,2.889123535E1,4.531924438E1
3.816167167E0,2.043376923E0,2.901936340E1,4.491510010E1
3.826222167E0,1.733097076E0,2.918352509E1,4.462187195E1
3.836277167E0,1.705516815E0,2.935231018E1,4.477700806E1
3.846332167E0,1.725566864E0,2.934960938E1,4.465886688E1
3.856387167E0,1.689640045E0,2.959788513E1,4.506127167E1
3.866442167E0,1.792625427E0,2.946152496E1,4.494986725E1
3.876497167E0,2.024612427E0,2.959661102E1,4.460520935E1
3.886551667E0,2.246158600E0,2.955690765E1,4.451319122E1
3.896606667E0,2.403579712E0,2.937003326E1,4.471992493E1
3.906661667E0,2.446975708E0,2.927688599E1,4.479161072E1
3.916716667E0,2.668609619E0,2.900166321E1,4.498616791E1
3.926771667E0,2.548789978E0,2.879785919E1,4.517602539E1
3.936826667E0,2.490661621E0,2.852860260E1,4.563090515E1
3.946881667E0,2.278232574E0,2.816368103E1,4.586219025E1
3.956936667E0,2.275493622E0,2.805250549E1,4.582875824E1
3.966991667E0,2.376190186E0,2.775981140E1,4.617848969E1
3.977046667E0,2.549892426E0,2.764366150E1,4.640574646E1
3.987101667E0,2.908775330E0,2.751132965E1,4.627729034E1
3.997156667E0,2.821414948E0,2.738936615E1,4.627127838E1
4.007211667E0,3.064910889E0,2.746349335E1,4.611550903E1
4.017266667E0,2.688488007E0,2.754977417E1,4.640473175E1
4.027321667E0,2.776817322E0,2.795011139E1,4.629362488E1
4.037376667E0,2.777210236E0,2.793112946E1,4.602253723E1
4.047431667E0,2.538085938E0,2.815670013E1,4.612060547E1
4.057486667E0,2.310001373E0,2.813658142E1,4.617086029E1
4.067541667E0,2.173629761E0,2.804174042E1,4.621694946E1
4.077596667E0,2.082649231E0,2.815245056E1,4.604152679E1
4.087651667E0,2.152786255E0,2.801790619E1,4.630272675E1
4.097706667E0,2.146286011E0,2.800813293E1,4.592063141E1
4.107761667E0,2.440303802E0,2.804303741E1,4.623954010E1
4.117816667E0,2.790977478E0,2.804612732E1,4.608784485E1
4.127871667E0,2.866233826E0,2.794318390E1,4.595986938E1
4.137926667E0,2.802364349E0,2.792782593E1,4.584431458E1
4.147981667E0,2.937175751E0,2.773056030E1,4.576044464E1
4.158036667E0,2.587501526E0,2.776663971E1,4.608299255E1
4.168091667E0,2.582500458E0,2.797586823E1,4.603220367E1
4.178146667E0,2.493705750E0,2.824079895E1,4.574486542E1
4.188201667E0,2.278278351E0,2.840055847E1,4.556821442E1
4.198256667E0,2.257114410E0,2.823861694E1,4.540876770E1
4.208311667E0,1.989303589E0,2.818843079E1,4.539649963E1
4.218366667E0,1.873382568E0,2.824546051E1,4.506256104E1
4.228421667E0,1.910263062E0,2.820877075E1,4.569208527E1
4.238476667E0,1.836978912E0,2.789925385E1,4.555242157E1
4.248531667E0,2.020687103E0,2.806013489E1,4.570697784E1
4.258586667E0,1.858615875E0,2.815074158E1,4.535689545E1
4.268641667E0,2.044551849E0,2.819699860E1,4.543501282E1
4.278696667E0,2.287559509E0,2.845318604E1,4.529022217E1
4.288751667E0,2.485618591E0,2.833389282E1,4.538947296E1
4.298806667E0,2.500541687E0,2.852246094E1,4.530360413E1
4.308861667E0,2.380237579E0,2.849140167E1,4.478448486E1
4.318916667E0,2.470146179E0,2.861036682E1,4.500613403E1
4.328971667E0,2.725742340E0,2.884413910E1,4.459688568E1
4.339026667E0,2.498661041E0,2.881306458E1,4.467089081E1
4.349081667E0,2.825042725E0,2.891988373E1,4.456283569E1
4.359136667E0,2.834251404E0,2.907182312E1,4.465927887E1
4.369191667E0,2.744979858E0,2.928649902E1,4.444737244E1
4.379246667E0,3.143856049E0,2.932976532E1,4.445284271E1
4.389301667E0,2.998222351E0,2.960353088E1,4.463986206E1
4.399356667E0,3.043914795E0,2.946660614E1,4.442649841E1
4.409411667E0,3.066547394E0,2.919873047E1,4.418199158E1
4.419466667E0,3.334186554E0,2.931266785E1,4.373544312E1
4.429521667E0,3.161212921E0,2.903495026E1,4.399958038E1
4.439576667E0,2.996219635E0,2.921164703E1,4.390889740E1
4.449631667E0,2.582965851E0,2.901986694E1,4.339962006E1
4.459686667E0,2.335437775E0,2.914323425E1,4.336773682E1
4.469742667E0,2.217624664E0,2.907526398E1,4.334796906E1
4.479797667E0,1.567787170E0,2.866432190E1,4.272508240E1
4.489852667E0,1.180553436E0,2.888477325E1,4.256581879E1
4.499907667E0,5.577850342E-2,2.920274353E1,4.261351776E1
4.509962667E0,-9.513320923E-1,2.922586060E1,4.229442596E1
4.520017667E0,-2.421997070E0,2.934185028E1,4.205838776E1
4.530072667E0,-3.886756897E0,2.993331909E1,4.192070007E1
4.540127667E0,-5.776283264E0,3.033865356E1,4.245187378E1
4.550182667E0,-7.819938660E0,3.122215271E1,4.365448761E1
4.560237667E0,-9.461013794E0,3.264179230E1,4.472329712E1
4.570292667E0,-1.129993439E1,3.392648315E1,4.619448853E1
4.580347667E0,-1.259852600E1,3.542812347E1,4.800363159E1
4.590402667E0,-1.348419952E1,3.738843536E1,4.955545807E1
4.600457667E0,-1.396480560E1,3.927091217E1,5.104209900E1
4.610512667E0,-1.382060242E1,4.134973907E1,5.264762115E1
4.620567667E0,-1.349928284E1,4.333509827E1,5.405089569E1
4.630622667E0,-1.319268036E1,4.513964081E1,5.544673920E1
4.640677667E0,-1.270875549E1,4.687931061E1,5.633699036E1
4.650732667E0,-1.233084106E1,4.880854034E1,5.653904724E1
4.660787667E0,-1.228683472E1,5.057199860E1,5.731743622E1
4.670842667E0,-1.237949371E1,5.255394745E1,5.826942444E1
4.680897667E0,-1.274632263E1,5.451936340E1,5.915178680E1
4.690952667E0,-1.332900238E1,5.690646362E1,5.968444824E1
4.701007667E0,-1.421388245E1,5.970645142E1,6.017024231E1
4.711062667E0,-1.553726959E1,6.269538879E1,6.129386902E1
4.721117667E0,-1.673625183E1,6.599855804E1,6.273605347E1
4.731172667E0,-1.836669922E1,6.983586884E1,6.452290344E1
4.741227667E0,-2.043325806E1,7.435366058E1,6.607665253E1
4.751282667E0,-2.257173157E1,7.954840851E1,6.719753265E1
4.761337667E0,-2.541560364E1,8.536147308E1,6.694549561E1
4.771392667E0,-2.788938141E1,9.182657623E1,6.539124298E1
4.781447667E0,-2.954054260E1,9.772438812E1,6.162023926E1
4.791502667E0,-3.073548889E1,1.026464157E2,5.573672485E1
4.801557667E0,-3.008186340E1,1.058780899E2,4.799884796E1
4.811612667E0,-2.790835571E1,1.078695450E2,4.094480896E1
4.821667667E0,-2.502237701E1,1.085339432E2,3.352886963E1
4.831722667E0,-2.207192993E1,1.086320877E2,2.760939026E1
4.841777667E0,-1.954646301E1,1.080335617E2,2.211175537E1
4.851832667E0,-1.727687836E1,1.080865402E2,1.645049286E1
4.861887667E0,-1.598416138E1,1.080932388E2,1.152801514E1
4.871942667E0,-1.612676239E1,1.084978256E2,5.553009033E0
4.881997667E0,-1.785623932E1,1.086787949E2,-9.272003174E-1
4.892052417E0,-2.214434814E1,1.088613358E2,-8.255004883E0
4.902107417E0,-2.954433441E1,1.093803482E2,-1.738534546E1
4.912162417E0,-3.892662048E1,1.121922073E2,-2.815248108E1
4.922217417E0,-4.734812927E1,1.235284500E2,-4.676760864E1
4.932272417E0,-4.623816681E1,1.333924561E2,-6.217384338E1
4.942327417E0,-4.633531189E1,1.364849243E2,-6.592456055E1
4.952382417E0,-4.612363434E1,1.374564819E2,-6.717454529E1
4.962437417E0,-4.587636566E1,1.379229736E2,-6.736380005E1
4.972492417E0,-4.595047760E1,1.380211182E2,-6.737248230E1
4.982547417E0,-4.601780701E1,1.383256836E2,-6.732403564E1
4.992602417E0,-4.621532440E1,1.384797363E2,-6.758444214E1
5.002657417E0,-4.642087555E1,1.384544678E2,-6.771453857E1
5.012712417E0,-4.685559082E1,1.386224670E2,-6.756221008E1
5.022767417E0,-4.720293427E1,1.391760559E2,-6.785104370E1
5.032822417E0,-4.728866577E1,1.392113953E2,-6.807737732E1
5.042877417E0,-4.739522552E1,1.394466858E2,-6.827085876E1
5.052932417E0,-4.733007050E1,1.392634277E2,-6.849420166E1
5.062987417E0,-4.716647339E1,1.394898682E2,-6.838800049E1
5.073042417E0,-4.706855011E1,1.392785950E2,-6.852175903E1
5.083097417E0,-4.680757904E1,1.392958679E2,-6.826266479E1
5.093152417E0,-4.685805511E1,1.393324585E2,-6.815756226E1
5.103207417E0,-4.673840332E1,1.393924255E2,-6.798561096E1
5.113262417E0,-4.689382172E1,1.390650330E2,-6.806962585E1
5.123317417E0,-4.713498688E1,1.392814941E2,-6.818627930E1
5.133372417E0,-4.695298767E1,1.394812012E2,-6.848461914E1
5.143427417E0,-4.708340454E1,1.398578186E2,-6.800056458E1
5.153482417E0,-4.712145233E1,1.397229004E2,-6.814160156E1
5.163537417E0,-4.707956696E1,1.397733765E2,-6.853417969E1
5.173592417E0,-4.713998413E1,1.398188477E2,-6.839859009E1
5.183647417E0,-4.722557068E1,1.395962830E2,-6.810858154E1
5.193702417E0,-4.684848022E1,1.395656433E2,-6.850361633E1
5.203757417E0,-4.701142883E1,1.392972107E2,-6.835519409E1
5.213812417E0,-4.679869080E1,1.386897583E2,-6.775334167E1
5.223867417E0,-4.669557190E1,1.381971436E2,-6.751863098E1
5.233922417E0,-4.604645538E1,1.378298035E2,-6.724441528E1
5.243977417E0,-4.585538483E1,1.373680420E2,-6.653561401E1
5.254032417E0,-4.557783508E1,1.369755249E2,-6.667042542E1
5.264088417E0,-4.535945892E1,1.362669678E2,-6.668070984E1
5.274142417E0,-4.531391907E1,1.362945557E2,-6.637910461E1
5.284198417E0,-4.525838470E1,1.362355957E2,-6.624034119E1
5.294253417E0,-4.529851532E1,1.364524841E2,-6.627879333E1
5.304308417E0,-4.505178070E1,1.368483582E2,-6.663294983E1
5.314363417E0,-4.503085327E1,1.371135559E2,-6.696583557E1
5.324418417E0,-4.489269257E1,1.375586243E2,-6.770724487E1
5.334473417E0,-4.492502594E1,1.379959412E2,-6.786976624E1
5.344528417E0,-4.515675354E1,1.383780212E2,-6.779354858E1
5.354583417E0,-4.522792053E1,1.386494446E2,-6.813854980E1
5.364638417E0,-4.549822998E1,1.387565918E2,-6.812043762E1
5.374693417E0,-4.523252869E1,1.387886047E2,-6.820191956E1
5.384748417E0,-4.503945923E1,1.386914062E2,-6.809295654E1
5.394803417E0,-4.493004608E1,1.385540771E2,-6.786422729E1
5.404858417E0,-4.484959412E1,1.381559448E2,-6.750851440E1
5.414913417E0,-4.480100250E1,1.378455505E2,-6.706111145E1
5.424968417E0,-4.523518372E1,1.376571350E2,-6.740045166E1
5.435023417E0,-4.528202057E1,1.376355286E2,-6.733627319E1
5.445078417E0,-4.533222198E1,1.374239197E2,-6.715979004E1
5.455133417E0,-4.578796387E1,1.376076050E2,-6.746722412E1
5.465188417E0,-4.610668182E1,1.375829773E2,-6.729161072E1
5.475243417E0,-4.602233124E1,1.377798767E2,-6.736869812E1
5.485298417E0,-4.630720520E1,1.376454468E2,-6.724861145E1
5.495353417E0,-4.667243958E1,1.374820251E2,-6.757673645E1
5.505408417E0,-4.734214020E1,1.376271362E2,-6.770764160E1
5.515463417E0,-4.785788727E1,1.372784729E2,-6.725703430E1
5.525518417E0,-4.840968323E1,1.375961609E2,-6.696037292E1
5.535573417E0,-4.873075104E1,1.375990295E2,-6.708760071E1
5.545628417E0,-4.903878021E1,1.376340027E2,-6.688261414E1
5.555683417E0,-4.875254822E1,1.378212891E2,-6.721504211E1
5.565738417E0,-4.837160492E1,1.378912048E2,-6.701618958E1
5.575793417E0,-4.843242645E1,1.378003845E2,-6.694873047E1
5.585848417E0,-4.832601929E1,1.374283142E2,-6.695512390E1
5.595903417E0,-4.848382568E1,1.373150940E2,-6.670376587E1
5.605958417E0,-4.859212494E1,1.372867126E2,-6.680680847E1
5.616013417E0,-4.860221863E1,1.373199768E2,-6.646949768E1
5.626068417E0,-4.872920990E1,1.374609680E2,-6.645643616E1
5.636123417E0,-4.896408844E1,1.376168518E2,-6.696284485E1
5.646178417E0,-4.898862457E1,1.379990540E2,-6.705902100E1
5.656233417E0,-4.880499268E1,1.380843506E2,-6.716558838E1
5.666288417E0,-4.878610229E1,1.382949524E2,-6.775564575E1
5.676343417E0,-4.918749237E1,1.384786987E2,-6.793035889E1
5.686398417E0,-4.944598389E1,1.386354370E2,-6.768739319E1
5.696453417E0,-4.956264496E1,1.387536011E2,-6.765940857E1
5.706508417E0,-4.969884491E1,1.386651306E2,-6.794670105E1
5.716563417E0,-4.953641510E1,1.387239075E2,-6.789450073E1
5.726618417E0,-5.006513977E1,1.391009827E2,-6.811114502E1
5.736673417E0,-5.023201752E1,1.393793945E2,-6.835888672E1
5.746728417E0,-5.034283447E1,1.395372314E2,-6.844252014E1
5.756783417E0,-5.066762543E1,1.398663330E2,-6.875958252E1
5.766838417E0,-5.068594360E1,1.402187500E2,-6.893960571E1
5.776893417E0,-5.126000977E1,1.403307800E2,-6.901246643E1
5.786948417E0,-5.149495697E1,1.404233398E2,-6.869839478E1
5.797003417E0,-5.140451050E1,1.404342651E2,-6.899853516E1
5.807058417E0,-5.183283997E1,1.405036621E2,-6.864268494E1
5.817113417E0,-5.219491577E1,1.404127197E2,-6.884127808E1
5.827168417E0,-5.246399689E1,1.404369507E2,-6.882742310E1
5.837223417E0,-5.293314362E1,1.403875122E2,-6.878892517E1
5.847278417E0,-5.322351837E1,1.403839111E2,-6.901029968E1
5.857333417E0,-5.363683319E1,1.404955139E2,-6.946726990E1
5.867388417E0,-5.349221802E1,1.407516174E2,-6.936303711E1
5.877443417E0,-5.342107391E1,1.407673340E2,-6.940394592E1
5.887498875E0,-5.342102051E1,1.407356567E2,-6.960540771E1
5.897553875E0,-5.349167633E1,1.408547363E2,-6.992785645E1
5.907608875E0,-5.351960754E1,1.410222778E2,-7.021929932E1
5.917663875E0,-5.365232086E1,1.410928650E2,-7.001840210E1
5.927718875E0,-5.400852203E1,1.412494812E2,-7.005758667E1
5.937773875E0,-5.431321716E1,1.417573853E2,-7.044114685E1
5.947828875E0,-5.485091400E1,1.424230652E2,-7.094526672E1
5.957883875E0,-5.505203247E1,1.429008179E2,-7.125840759E1
5.967938875E0,-5.508385468E1,1.431656189E2,-7.166654968E1
5.977993875E0,-5.508422852E1,1.434897461E2,-7.233561707E1
5.988048875E0,-5.562148285E1,1.437657166E2,-7.241261292E1
5.998103875E0,-5.594116974E1,1.437551270E2,-7.254924011E1
6.008158875E0,-5.637973022E1,1.438040771E2,-7.275830078E1
6.018213875E0,-5.643845367E1,1.437408447E2,-7.280000305E1
6.028268875E0,-5.620358276E1,1.438724976E2,-7.275108337E1
6.038323875E0,-5.622528839E1,1.436716003E2,-7.254039001E1
6.048378875E0,-5.616101837E1,1.439822693E2,-7.249739075E1
6.058433875E0,-5.571916199E1,1.443264771E2,-7.290243530E1
6.068488875E0,-5.535266113E1,1.443356628E2,-7.272341919E1
6.078543875E0,-5.501304626E1,1.443617554E2,-7.270332336E1
6.088598875E0,-5.469174957E1,1.441265564E2,-7.264936829E1
6.098653875E0,-5.432832336E1,1.442838745E2,-7.265678406E1
6.108708875E0,-5.397348022E1,1.442298889E2,-7.248220825E1
6.118763875E0,-5.403719330E1,1.443017883E2,-7.237001038E1
6.128818875E0,-5.423836517E1,1.442275391E2,-7.246002197E1
6.138873875E0,-5.451342773E1,1.440111389E2,-7.244032288E1
6.148928875E0,-5.467613983E1,1.441937866E2,-7.286872864E1
6.158983875E0,-5.496567535E1,1.442773132E2,-7.247869873E1
6.169038875E0,-5.507148743E1,1.445952454E2,-7.280488586E1
6.179093875E0,-5.494837952E1,1.447739258E2,-7.281564331E1
6.189148875E0,-5.496631622E1,1.447638245E2,-7.306169128E1
6.199203875E0,-5.518579102E1,1.447207336E2,-7.299467468E1
6.209258875E0,-5.488822937E1,1.448681946E2,-7.305705261E1
6.219313875E0,-5.497822571E1,1.448459473E2,-7.264350891E1
6.229368875E0,-5.491625977E1,1.448094177E2,-7.303163147E1
6.239423875E0,-5.485279846E1,1.447774048E2,-7.303878784E1
6.249478875E0,-5.484101105E1,1.446411743E2,-7.280078125E1
6.259533875E0,-5.481343842E1,1.445492554E2,-7.279415894E1
6.269588875E0,-5.495440674E1,1.446883545E2,-7.286915588E1
6.279644875E0,-5.471143341E1,1.445712585E2,-7.280064392E1
6.289699875E0,-5.501197052E1,1.447875366E2,-7.279051208E1
6.299754875E0,-5.471356201E1,1.445804443E2,-7.274726868E1
6.309809875E0,-5.467985535E1,1.446295166E2,-7.273510742E1
6.319864875E0,-5.476647186E1,1.447338257E2,-7.277862549E1
6.329919875E0,-5.489138031E1,1.447936707E2,-7.284214783E1
6.339974875E0,-5.483107758E1,1.450200195E2,-7.324153137E1
6.350029875E0,-5.496363831E1,1.448712158E2,-7.331878662E1
6.360084875E0,-5.482792664E1,1.449653015E2,-7.323109436E1
6.370139875E0,-5.479610443E1,1.447994385E2,-7.317944336E1
6.380194875E0,-5.504004669E1,1.447582092E2,-7.290637207E1
6.390249875E0,-5.486644745E1,1.448468323E2,-7.271492004E1
6.400304875E0,-5.489047241E1,1.448462830E2,-7.281001282E1
6.410359875E0,-5.466925812E1,1.448773499E2,-7.286868286E1
6.420414875E0,-5.510667419E1,1.448694458E2,-7.302085876E1
6.430469875E0,-5.476971436E1,1.446859131E2,-7.308703613E1
6.440524875E0,-5.492009735E1,1.445308228E2,-7.295198059E1
6.450579875E0,-5.501076508E1,1.447478333E2,-7.302671814E1
6.460634875E0,-5.495881653E1,1.447696533E2,-7.255912781E1
6.470689875E0,-5.498601532E1,1.447755737E2,-7.274865723E1
6.480744875E0,-5.480712128E1,1.447111206E2,-7.274642944E1
6.490799875E0,-5.494112396E1,1.447008362E2,-7.271859741E1
6.500854875E0,-5.468287659E1,1.448752441E2,-7.257888794E1
6.510909875E0,-5.459277344E1,1.447723389E2,-7.273876953E1
6.520964875E0,-5.472073364E1,1.447265320E2,-7.271719360E1
6.531019875E0,-5.488062286E1,1.449252319E2,-7.274266052E1
6.541074875E0,-5.467308044E1,1.448584290E2,-7.262287903E1
6.551129875E0,-5.467927551E1,1.449774170E2,-7.247654724E1
6.561184875E0,-5.456051636E1,1.448100586E2,-7.284584045E1
6.571239875E0,-5.455226135E1,1.448096924E2,-7.275018311E1
6.581294875E0,-5.469402313E1,1.449216003E2,-7.278770447E1
6.591349875E0,-5.464316559E1,1.449074707E2,-7.278752136E1
6.601404875E0,-5.460821533E1,1.449557495E2,-7.302169800E1
6.611459875E0,-5.477575684E1,1.448185120E2,-7.289143372E1
6.621514875E0,-5.517809296E1,1.450802917E2,-7.318362427E1
6.631569875E0,-5.506540680E1,1.449076538E2,-7.324508667E1
6.641624875E0,-5.506540680E1,1.449076538E2,-7.324508667E1
6.651679875E0,-5.485362244E1,1.448840027E2,-7.309840393E1
6.661734875E0,-5.498885345E1,1.448563538E2,-7.326293945E1
6.671789875E0,-5.475688934E1,1.447961121E2,-7.343885803E1
6.681844875E0,-5.501203918E1,1.448421936E2,-7.328890991E1
6.691899875E0,-5.499952698E1,1.447748718E2,-7.311602783E1
6.701954875E0,-5.483857727E1,1.447750244E2,-7.319107056E1
6.712009875E0,-5.492823792E1,1.448706665E2,-7.301542664E1
6.722064875E0,-5.484796906E1,1.448834229E2,-7.286163330E1
6.732119875E0,-5.480532837E1,1.451334229E2,-7.312837219E1
6.742174875E0,-5.454784393E1,1.451427612E2,-7.319488525E1
6.752229875E0,-5.458484650E1,1.450214233E2,-7.325877380E1
6.762284875E0,-5.445303345E1,1.448608704E2,-7.320509338E1
6.772339875E0,-5.462304688E1,1.449676514E2,-7.332116699E1
6.782394875E0,-5.461314392E1,1.449554138E2,-7.353253174E1
6.792449875E0,-5.466152954E1,1.449965515E2,-7.350559998E1
6.802504875E0,-5.475905609E1,1.449598999E2,-7.325469971E1
6.812559875E0,-5.485683441E1,1.448966675E2,-7.298257446E1
6.822614875E0,-5.481388092E1,1.448107910E2,-7.301933289E1
6.832669875E0,-5.467821503E1,1.448576050E2,-7.311999512E1
6.842724875E0,-5.483536530E1,1.449189758E2,-7.319317627E1
6.852779875E0,-5.494942474E1,1.450441895E2,-7.303190613E1
6.862834875E0,-5.494593048E1,1.449537659E2,-7.345649719E1
6.872889875E0,-5.462338257E1,1.448668518E2,-7.368734741E1
6.882944875E0,-5.441205597E1,1.448199768E2,-7.343704224E1
6.892999750E0,-5.470420837E1,1.448902588E2,-7.304281616E1
6.903054750E0,-5.462022400E1,1.450387878E2,-7.300616455E1
6.913109750E0,-5.449197388E1,1.451868896E2,-7.296052551E1
6.923164750E0,-5.474700928E1,1.451076965E2,-7.285462952E1
6.933219750E0,-5.462031555E1,1.451431580E2,-7.301594543E1
6.943274750E0,-5.490690613E1,1.448514099E2,-7.341386414E1
6.953329750E0,-5.449884033E1,1.447671509E2,-7.308296204E1
6.963384750E0,-5.468818665E1,1.449225464E2,-7.301252747E1
6.973439750E0,-5.438433075E1,1.449389343E2,-7.343008423E1
6.983494750E0,-5.443260193E1,1.450679932E2,-7.322276306E1
6.993549750E0,-5.451750183E1,1.449579468E2,-7.320733643E1
7.003604750E0,-5.442927551E1,1.447165222E2,-7.281936646E1
7.013659750E0,-5.441428375E1,1.448488159E2,-7.288182068E1
7.023714750E0,-5.442334747E1,1.450817871E2,-7.307009888E1
7.033769750E0,-5.446958923E1,1.449117737E2,-7.300697327E1
7.043824750E0,-5.467749786E1,1.449707031E2,-7.297282410E1
7.053879750E0,-5.464777374E1,1.446764526E2,-7.291363525E1
7.063934750E0,-5.475851440E1,1.448544312E2,-7.295777893E1
7.073989750E0,-5.460861969E1,1.448054810E2,-7.315318298E1
7.084044750E0,-5.459295654E1,1.448020630E2,-7.294517517E1
7.094099750E0,-5.486917877E1,1.448228455E2,-7.289149475E1
7.104154750E0,-5.483093262E1,1.449127808E2,-7.260354614E1
7.114209750E0,-5.506508636E1,1.447777100E2,-7.268479919E1
7.124264750E0,-5.480069733E1,1.449158936E2,-7.267887878E1
7.134319750E0,-5.488039398E1,1.448660583E2,-7.307138062E1
7.144374750E0,-5.468400574E1,1.448739929E2,-7.307475281E1
7.154429750E0,-5.472151947E1,1.448211060E2,-7.274630737E1
7.164484750E0,-5.480712128E1,1.447943115E2,-7.261231995E1
7.174539750E0,-5.475496674E1,1.448203735E2,-7.264595032E1
7.184594750E0,-5.498458099E1,1.449007568E2,-7.294607544E1
7.194649750E0,-5.488040161E1,1.447200012E2,-7.299765015E1
7.204704750E0,-5.496543884E1,1.447131958E2,-7.276409912E1
7.214759750E0,-5.504017639E1,1.447280273E2,-7.320057678E1
7.224814750E0,-5.495225525E1,1.448780518E2,-7.316223145E1
7.234869750E0,-5.477497101E1,1.449590759E2,-7.290972900E1
7.244924750E0,-5.470343781E1,1.449269104E2,-7.272927856E1
7.254979750E0,-5.473401642E1,1.449451294E2,-7.285498047E1
7.265034750E0,-5.475086212E1,1.448639221E2,-7.286166382E1
7.275089750E0,-5.465770721E1,1.446889648E2,-7.277050781E1
7.285144750E0,-5.478121185E1,1.449170227E2,-7.303720093E1
7.295199750E0,-5.479092407E1,1.448192749E2,-7.286505127E1
7.305254750E0,-5.495191956E1,1.448692017E2,-7.293287659E1
7.315309750E0,-5.491860199E1,1.447881470E2,-7.267366028E1
7.325364750E0,-5.478840637E1,1.448862610E2,-7.275834656E1
7.335419750E0,-5.510025787E1,1.446577759E2,-7.300462341E1
7.345474750E0,-5.495278168E1,1.448462219E2,-7.287878418E1
7.355529750E0,-5.485012054E1,1.448059387E2,-7.308544922E1
7.365584750E0,-5.475457001E1,1.449406128E2,-7.307676697E1
7.375639750E0,-5.473705292E1,1.450584717E2,-7.321260071E1
7.385694750E0,-5.495107269E1,1.448677368E2,-7.334147644E1
7.395749750E0,-5.482468414E1,1.447137146E2,-7.317155457E1
7.405804750E0,-5.462022400E1,1.448223572E2,-7.322546387E1
7.415859750E0,-5.509305573E1,1.448568726E2,-7.323284912E1
7.425914750E0,-5.486938477E1,1.452413330E2,-7.304512024E1
7.435969750E0,-5.477272797E1,1.451063232E2,-7.329866028E1
7.446024750E0,-5.499292755E1,1.452167969E2,-7.346713257E1
7.456079750E0,-5.510981750E1,1.449821472E2,-7.336735535E1
7.466134750E0,-5.484948730E1,1.449644470E2,-7.295368958E1
7.476189750E0,-5.515670013E1,1.449015198E2,-7.309030151E1
7.486244750E0,-5.513164520E1,1.447937317E2,-7.328631592E1
7.496299750E0,-5.511555481E1,1.448849182E2,-7.288368225E1
7.506354750E0,-5.487002563E1,1.447054749E2,-7.282048035E1
7.516409750E0,-5.480030060E1,1.446480713E2,-7.305007935E1
7.526464750E0,-5.479299927E1,1.447329407E2,-7.312011719E1
7.536519750E0,-5.472290039E1,1.446424561E2,-7.298820496E1
7.546574750E0,-5.480168915E1,1.447869568E2,-7.348919678E1
7.556629750E0,-5.475308990E1,1.447465820E2,-7.295364380E1
7.566684750E0,-5.477362061E1,1.447467957E2,-7.272206116E1
7.576739750E0,-5.466523743E1,1.449323425E2,-7.269676208E1
7.586794750E0,-5.465109253E1,1.447768555E2,-7.269398499E1
7.596849750E0,-5.475788116E1,1.449020081E2,-7.278501892E1
7.606904750E0,-5.496873474E1,1.450451355E2,-7.280751038E1
7.616959750E0,-5.484946442E1,1.448433838E2,-7.286752319E1
7.627014750E0,-5.473097229E1,1.448224182E2,-7.312319946E1
7.637069750E0,-5.477657318E1,1.448056946E2,-7.303263855E1
7.647124750E0,-5.475643158E1,1.448121033E2,-7.328013611E1
7.657179750E0,-5.481494141E1,1.449505310E2,-7.298051453E1
7.667234750E0,-5.464538574E1,1.447911072E2,-7.315554810E1
7.677289750E0,-5.474482727E1,1.448427124E2,-7.327780151E1
7.687344750E0,-5.477468872E1,1.447736206E2,-7.299137878E1
7.697399750E0,-5.476251221E1,1.447652588E2,-7.328952026E1
7.707454750E0,-5.458228302E1,1.446296387E2,-7.294741821E1
7.717509750E0,-5.471623230E1,1.448734131E2,-7.278150940E1
7.727564750E0,-5.465576172E1,1.448890991E2,-7.292951965E1
7.737619750E0,-5.473508453E1,1.448242493E2,-7.289360046E1
7.747674750E0,-5.479679108E1,1.447638855E2,-7.273240662E1
7.757729750E0,-5.471717072E1,1.447840881E2,-7.307122803E1
7.767784750E0,-5.460223389E1,1.449083252E2,-7.309161377E1
7.777839750E0,-5.468408966E1,1.447803650E2,-7.315232849E1
7.787894750E0,-5.471061707E1,1.447183533E2,-7.318841553E1
7.797949750E0,-5.484146881E1,1.448558655E2,-7.307481384E1
7.808004750E0,-5.469292450E1,1.448871155E2,-7.300305176E1
7.818059750E0,-5.469599915E1,1.448680420E2,-7.286462402E1
7.828114750E0,-5.479078674E1,1.448228760E2,-7.288269043E1
7.838169750E0,-5.479794312E1,1.446326599E2,-7.282257080E1
7.848225750E0,-5.493055725E1,1.446004944E2,-7.321069336E1
7.858280750E0,-5.477815247E1,1.448500671E2,-7.351750183E1
7.868335750E0,-5.494642639E1,1.448616943E2,-7.340974426E1
7.878390750E0,-5.474450684E1,1.449015808E2,-7.331962585E1
7.888446125E0,-5.466596222E1,1.448874817E2,-7.344844055E1
7.898501125E0,-5.479767609E1,1.449731750E2,-7.356245422E1
7.908556125E0,-5.476637268E1,1.449952393E2,-7.344696045E1
7.918611125E0,-5.480655670E1,1.447497559E2,-7.336441040E1
7.928666125E0,-5.441855621E1,1.449239502E2,-7.329588318E1
7.938721125E0,-5.469046021E1,1.450264587E2,-7.365245056E1
7.948776125E0,-5.458620453E1,1.449405212E2,-7.341862488E1
7.958831125E0,-5.438429260E1,1.449383850E2,-7.301828003E1
7.968886125E0,-5.442308044E1,1.450874329E2,-7.326788330E1
7.978941125E0,-5.443938446E1,1.450574036E2,-7.306925964E1
7.988996125E0,-5.455612946E1,1.449230042E2,-7.328912354E1
7.999051125E0,-5.444487000E1,1.447488098E2,-7.342166138E1
8.009106125E0,-5.447047424E1,1.446432800E2,-7.321653748E1
8.019161125E0,-5.460963440E1,1.447795105E2,-7.313421631E1
8.029216125E0,-5.444299316E1,1.448510437E2,-7.296667480E1
8.039271125E0,-5.458290863E1,1.450326538E2,-7.280238342E1
8.049326125E0,-5.457010651E1,1.449950867E2,-7.290049744E1
8.059381125E0,-5.466947174E1,1.448369446E2,-7.315356445E1
8.069436125E0,-5.468318939E1,1.446664124E2,-7.314004517E1
8.079491125E0,-5.440872955E1,1.449740601E2,-7.323652649E1
8.089546125E0,-5.441993713E1,1.448865967E2,-7.368794250E1
8.099601125E0,-5.447209167E1,1.447927246E2,-7.339547729E1
8.109656125E0,-5.452236176E1,1.448747559E2,-7.329870605E1
8.119711125E0,-5.447726440E1,1.447918701E2,-7.334648132E1
8.129766125E0,-5.442722321E1,1.448188171E2,-7.320390320E1
8.139821125E0,-5.468500519E1,1.449152222E2,-7.324864197E1
8.149876125E0,-5.475354767E1,1.449172058E2,-7.304771423E1
8.159931125E0,-5.443413544E1,1.450005188E2,-7.340760803E1
8.169986125E0,-5.458260345E1,1.449273682E2,-7.343980408E1
8.180041125E0,-5.448760986E1,1.449181213E2,-7.331668091E1
8.190096125E0,-5.468750763E1,1.449760742E2,-7.341995239E1
8.200151125E0,-5.474658203E1,1.449495544E2,-7.320579529E1
8.210206125E0,-5.477841949E1,1.449854736E2,-7.333859253E1
8.220261125E0,-5.466750336E1,1.450826721E2,-7.356236267E1
8.230316125E0,-5.453428650E1,1.450092773E2,-7.336804199E1
8.240371125E0,-5.456366730E1,1.449597168E2,-7.319560242E1
8.250426125E0,-5.469759369E1,1.449168701E2,-7.296124268E1
8.260481125E0,-5.463475800E1,1.449154053E2,-7.313696289E1
8.270536125E0,-5.470778656E1,1.448540344E2,-7.322573853E1
8.280591125E0,-5.479275513E1,1.448487854E2,-7.307852173E1
8.290646125E0,-5.472559357E1,1.446120605E2,-7.346206665E1
8.300701125E0,-5.479552460E1,1.447378540E2,-7.366740417E1
8.310756125E0,-5.468077850E1,1.446912537E2,-7.376672363E1
8.320811125E0,-5.466807556E1,1.446578064E2,-7.330326843E1
8.330866125E0,-5.471453857E1,1.445941772E2,-7.298471069E1
8.340921125E0,-5.465528870E1,1.445954285E2,-7.334756470E1
8.350976125E0,-5.499099731E1,1.446813354E2,-7.330419922E1
8.361031125E0,-5.467903137E1,1.448059692E2,-7.311178589E1
8.371086125E0,-5.483750153E1,1.446180420E2,-7.308995056E1
8.381141125E0,-5.474586487E1,1.448702393E2,-7.319287109E1
8.391196125E0,-5.471436310E1,1.446932983E2,-7.318385315E1
8.401251125E0,-5.500067902E1,1.448999634E2,-7.342247009E1
8.411306125E0,-5.492505646E1,1.449419556E2,-7.321498108E1
8.421361125E0,-5.486560059E1,1.448209534E2,-7.301321411E1
8.431416125E0,-5.505574799E1,1.449361877E2,-7.287205505E1
8.441471125E0,-5.481107330E1,1.450032043E2,-7.307957458E1
8.451526125E0,-5.479621887E1,1.449430847E2,-7.346586609E1
8.461581125E0,-5.462536621E1,1.449449158E2,-7.344076538E1
8.471636125E0,-5.463273621E1,1.450074768E2,-7.375099182E1
8.481691125E0,-5.464234924E1,1.447604980E2,-7.334147644E1
8.491746125E0,-5.464479065E1,1.448467712E2,-7.353906250E1
8.501801125E0,-5.457124329E1,1.448623352E2,-7.349789429E1
8.511856125E0,-5.489530182E1,1.450069580E2,-7.319023132E1
8.521911125E0,-5.471881104E1,1.449535828E2,-7.322218323E1
8.531966125E0,-5.441600800E1,1.448922119E2,-7.324089050E1
8.542021125E0,-5.455685425E1,1.448672791E2,-7.312373352E1
8.552076125E0,-5.456726074E1,1.451247864E2,-7.337590027E1
8.562131125E0,-5.451773834E1,1.450431824E2,-7.322653198E1
8.572186125E0,-5.463436127E1,1.449028320E2,-7.280975342E1
8.582241125E0,-5.470350647E1,1.449664612E2,-7.327505493E1
8.592296125E0,-5.462893677E1,1.447406311E2,-7.350811768E1
8.602351125E0,-5.432308960E1,1.448206482E2,-7.354403687E1
8.612406125E0,-5.454135132E1,1.447354431E2,-7.339256287E1
8.622461125E0,-5.443399811E1,1.448671875E2,-7.300555420E1
8.632516125E0,-5.452468872E1,1.446163025E2,-7.295397949E1
8.642571125E0,-5.461035156E1,1.448128967E2,-7.315922546E1
8.652626125E0,-5.466616821E1,1.449130249E2,-7.331384277E1
8.662681125E0,-5.461531830E1,1.448258362E2,-7.305648804E1
8.672736125E0,-5.467790985E1,1.449239197E2,-7.313143921E1
8.682791125E0,-5.489137268E1,1.448094482E2,-7.301733398E1
8.692846125E0,-5.467512512E1,1.450240173E2,-7.309179688E1
8.702901125E0,-5.488579559E1,1.449468384E2,-7.314067078E1
8.712956125E0,-5.482850647E1,1.448074341E2,-7.277743530E1
8.723011125E0,-5.473025513E1,1.449152222E2,-7.320460510E1
8.733066125E0,-5.467367554E1,1.449010010E2,-7.316528320E1
8.743121125E0,-5.476103210E1,1.449159851E2,-7.330433655E1
8.753176125E0,-5.463739014E1,1.447410583E2,-7.297000122E1
8.763231125E0,-5.492189789E1,1.449772949E2,-7.342771912E1
8.773286125E0,-5.499440002E1,1.449715881E2,-7.335462952E1
8.783341125E0,-5.502881622E1,1.449534607E2,-7.363865662E1
8.793396125E0,-5.503067017E1,1.450769958E2,-7.339492798E1
8.803451125E0,-5.480886078E1,1.449416199E2,-7.297442627E1
8.813506125E0,-5.499268341E1,1.448672791E2,-7.284907532E1
8.823561125E0,-5.501123047E1,1.448442993E2,-7.280810547E1
8.833616125E0,-5.487494659E1,1.449127197E2,-7.309376526E1
8.843671125E0,-5.484335327E1,1.449884338E2,-7.317654419E1
8.853726125E0,-5.478824615E1,1.448138733E2,-7.314277649E1
8.863781125E0,-5.499663544E1,1.447964783E2,-7.327943420E1
8.873836125E0,-5.488829803E1,1.449314880E2,-7.324945068E1
8.883891125E0,-5.486962128E1,1.448869324E2,-7.313536072E1
8.893946000E0,-5.493606567E1,1.451224365E2,-7.316215515E1
8.904001000E0,-5.487041473E1,1.451352234E2,-7.313449097E1
8.914056000E0,-5.480799866E1,1.451639404E2,-7.317337036E1
8.924111000E0,-5.488465881E1,1.449997253E2,-7.329153442E1
8.934166000E0,-5.497166443E1,1.449334106E2,-7.361315918E1
8.944221000E0,-5.492623901E1,1.448526917E2,-7.324977112E1
8.954276000E0,-5.497083282E1,1.449282837E2,-7.311903381E1
8.964331000E0,-5.494065094E1,1.448426819E2,-7.274624634E1
8.974386000E0,-5.493614197E1,1.448565674E2,-7.321530151E1
8.984441000E0,-5.490023041E1,1.450603638E2,-7.380415344E1
8.994496000E0,-5.496469879E1,1.448879395E2,-7.343223572E1
9.004551000E0,-5.497584534E1,1.448451538E2,-7.326525879E1
9.014606000E0,-5.526439667E1,1.448181458E2,-7.316769409E1
9.024661000E0,-5.541239929E1,1.448429260E2,-7.291539001E1
9.034716000E0,-5.547880554E1,1.448580933E2,-7.300865173E1
9.044771000E0,-5.571984863E1,1.447415161E2,-7.332643127E1
9.054826000E0,-5.583391571E1,1.445740967E2,-7.291056824E1
9.064881000E0,-5.618070221E1,1.441117249E2,-7.241105652E1
9.074936000E0,-5.649456787E1,1.434964905E2,-7.188430786E1
9.084991000E0,-5.670332336E1,1.433081360E2,-7.211692810E1
9.095046000E0,-5.622866058E1,1.435603333E2,-7.242353821E1
9.105101000E0,-5.519504547E1,1.440435791E2,-7.241683960E1
9.115156000E0,-5.367630005E1,1.447447815E2,-7.262374878E1
9.125211000E0,-5.176712036E1,1.449564514E2,-7.269470215E1
9.135266000E0,-5.024448395E1,1.451085510E2,-7.238697815E1
9.145321000E0,-4.893972778E1,1.449860840E2,-7.269631958E1
9.155376000E0,-4.781669617E1,1.447742310E2,-7.211286926E1
9.165431000E0,-4.695757294E1,1.449548645E2,-7.210998535E1
9.175486000E0,-4.650370026E1,1.449574280E2,-7.213076782E1
9.185541000E0,-4.615876770E1,1.450104980E2,-7.249276733E1
9.195596000E0,-4.632586670E1,1.450146484E2,-7.242782593E1
9.205651000E0,-4.651787567E1,1.450149231E2,-7.254260254E1
9.215706000E0,-4.692108917E1,1.450471497E2,-7.221049500E1
9.225761000E0,-4.782112122E1,1.448002014E2,-7.231158447E1
9.235816000E0,-4.831398010E1,1.446932678E2,-7.171897888E1
9.245871000E0,-4.916544342E1,1.440972900E2,-7.131506348E1
9.255926000E0,-4.965225220E1,1.435160828E2,-7.144580078E1
9.265981000E0,-5.008453369E1,1.431116333E2,-7.061790466E1
9.276036000E0,-5.017463684E1,1.426961365E2,-7.003453064E1
9.286091000E0,-5.004694366E1,1.422620850E2,-6.988081360E1
9.296146000E0,-4.976481628E1,1.418490601E2,-6.969184875E1
9.306201000E0,-4.897890472E1,1.415065613E2,-6.907063293E1
9.316256000E0,-4.877483368E1,1.411977844E2,-6.875215149E1
9.326311000E0,-4.833090210E1,1.408025818E2,-6.856921387E1
9.336366000E0,-4.785525513E1,1.405776978E2,-6.843453979E1
9.346421000E0,-4.742638397E1,1.403989258E2,-6.859951782E1
9.356476000E0,-4.687982178E1,1.402707214E2,-6.844525146E1
9.366531000E0,-4.634655762E1,1.401232300E2,-6.831350708E1
9.376586000E0,-4.608102417E1,1.399288635E2,-6.842788696E1
9.386641000E0,-4.589087677E1,1.397652588E2,-6.790582275E1
9.396696000E0,-4.584735107E1,1.394988708E2,-6.775845337E1
9.406751000E0,-4.627551270E1,1.390725098E2,-6.748760986E1
9.416806000E0,-4.631803894E1,1.387652588E2,-6.738952637E1
9.426861000E0,-4.616076660E1,1.384930420E2,-6.695945740E1
9.436916000E0,-4.626662445E1,1.385810852E2,-6.732633972E1
9.446971000E0,-4.577536011E1,1.383059998E2,-6.719369507E1
9.457026000E0,-4.537413025E1,1.382915039E2,-6.731060791E1
9.467081000E0,-4.504900360E1,1.387032776E2,-6.729623413E1
9.477136000E0,-4.489233398E1,1.386728210E2,-6.755857849E1
9.487191000E0,-4.444754791E1,1.389028931E2,-6.766452026E1
9.497246000E0,-4.422502899E1,1.389288330E2,-6.758106995E1
9.507301000E0,-4.403988647E1,1.390511169E2,-6.764787292E1
9.517356000E0,-4.434078979E1,1.388970642E2,-6.764273071E1
9.527411000E0,-4.455774689E1,1.390309753E2,-6.761697388E1
9.537466000E0,-4.429699707E1,1.388947754E2,-6.779254150E1
9.547521000E0,-4.458901978E1,1.387222900E2,-6.743167114E1
9.557576000E0,-4.435781097E1,1.385870972E2,-6.763310242E1
9.567631000E0,-4.401197052E1,1.384484253E2,-6.730004883E1
9.577686000E0,-4.358116150E1,1.383258057E2,-6.729707336E1
9.587741000E0,-4.295836639E1,1.383415527E2,-6.744607544E1
9.597796000E0,-4.231770325E1,1.381841736E2,-6.725300598E1
9.607851000E0,-4.163834381E1,1.380227356E2,-6.718464661E1
9.617906000E0,-4.131251526E1,1.378194885E2,-6.709391785E1
9.627961000E0,-4.074070740E1,1.377496033E2,-6.735583496E1
9.638016000E0,-4.035546875E1,1.374881287E2,-6.714038086E1
9.648071000E0,-4.016550446E1,1.374290466E2,-6.721258545E1
9.658126000E0,-3.962178040E1,1.375882568E2,-6.784916687E1
9.668181000E0,-3.928687286E1,1.380567017E2,-6.814611816E1
9.678236000E0,-3.895874786E1,1.383748779E2,-6.824835205E1
9.688291000E0,-3.849890137E1,1.385527344E2,-6.832107544E1
9.698346000E0,-3.843538666E1,1.388568115E2,-6.858573914E1
9.708401000E0,-3.832848358E1,1.390666504E2,-6.882685852E1
9.718456000E0,-3.819412231E1,1.390590210E2,-6.899819946E1
9.728511000E0,-3.844332886E1,1.394271545E2,-6.917878723E1
9.738566000E0,-3.837677002E1,1.394203491E2,-6.915457153E1
9.748621000E0,-3.840702057E1,1.393315430E2,-6.906381226E1
9.758676000E0,-3.835582733E1,1.395525208E2,-6.911529541E1
9.768731000E0,-3.819266510E1,1.392913818E2,-6.926734924E1
9.778786000E0,-3.823105621E1,1.392737122E2,-6.884445190E1
9.788841000E0,-3.805909729E1,1.390757446E2,-6.896356201E1
9.798896000E0,-3.765068817E1,1.388336792E2,-6.933772278E1
9.808951000E0,-3.721311188E1,1.386087952E2,-6.879501343E1
9.819006000E0,-3.710414124E1,1.386933899E2,-6.920408630E1
9.829061000E0,-3.693860626E1,1.387363586E2,-6.912738037E1
9.839116000E0,-3.959877777E1,1.416102295E2,-6.841000366E1
9.849171000E0,-2.235396576E1,1.494295654E2,-3.616705322E1
9.859226000E0,-3.792686462E0,1.580976562E2,8.930572510E0
9.869281000E0,8.046524048E0,1.460718994E2,3.616289520E1
9.879336000E0,1.097655487E1,1.270649643E2,4.937880707E1
9.889390667E0,8.188938141E0,1.099686813E2,5.815406799E1
9.899445667E0,1.269805908E0,9.559206390E1,6.433488464E1
9.909500667E0,-6.665428162E0,8.275315094E1,6.876306915E1
9.919555667E0,-1.244416809E1,7.098592377E1,7.032828522E1
9.929610667E0,-1.554943848E1,6.123331451E1,7.059043884E1
9.939665667E0,-1.653945160E1,5.383094788E1,6.875202942E1
9.949720667E0,-1.613957977E1,4.801633453E1,6.727924347E1
9.959775667E0,-1.563197327E1,4.325924683E1,6.518736267E1
9.969830667E0,-1.498764038E1,3.927983093E1,6.326388550E1
9.979885667E0,-1.431564331E1,3.589776611E1,6.164656067E1
9.989940667E0,-1.386399078E1,3.372940826E1,5.968434906E1
9.999995667E0,-1.329137421E1,3.168782043E1,5.831684113E1
1.001005067E1,-1.233907318E1,3.031208038E1,5.671923828E1
1.002010567E1,-1.179892731E1,2.896971130E1,5.537381744E1
1.003016067E1,-1.136834717E1,2.798330688E1,5.387541962E1
1.004021567E1,-1.059214783E1,2.691509247E1,5.252794647E1
1.005027067E1,-9.625160217E0,2.614463806E1,5.106178284E1
1.006032567E1,-8.829658508E0,2.545664215E1,4.923432922E1
1.007038067E1,-7.763504028E0,2.499864960E1,4.792709351E1
1.008043567E1,-6.307754517E0,2.468897247E1,4.704079437E1
1.009049067E1,-4.917816162E0,2.451473999E1,4.634268951E1
1.010054567E1,-3.412788391E0,2.456043243E1,4.605020142E1
1.011060067E1,-2.413681030E0,2.488625336E1,4.563088226E1
1.012065567E1,-1.600280762E0,2.496842957E1,4.535056305E1
1.013071067E1,-9.618606567E-1,2.525357056E1,4.543927002E1
1.014076567E1,-6.544342041E-1,2.540701294E1,4.517979431E1
1.015082067E1,-4.041061401E-1,2.556993866E1,4.558547974E1
1.016087567E1,-3.597869873E-1,2.567940521E1,4.561943054E1
1.017093067E1,-2.035522461E-1,2.588787079E1,4.567856598E1
1.018098567E1,-3.421020508E-1,2.593728638E1,4.620083618E1
1.019104067E1,-2.997589111E-2,2.581149292E1,4.635039520E1
1.020109567E1,3.480911255E-2,2.591584778E1,4.640220642E1
1.021115067E1,2.093353271E-1,2.573506165E1,4.659714508E1
1.022120567E1,1.437683105E-1,2.580466461E1,4.689730835E1
1.023126067E1,2.309379578E-1,2.576559448E1,4.700186157E1
1.024131567E1,2.656593323E-1,2.573170471E1,4.689067078E1
1.025137067E1,3.888702393E-1,2.589756012E1,4.650877380E1
1.026142567E1,4.480171204E-1,2.602190399E1,4.691180420E1
1.027148067E1,6.236572266E-1,2.584158325E1,4.665885162E1
1.028153567E1,5.075912476E-1,2.596668243E1,4.695539093E1
1.029159067E1,4.490470886E-1,2.587306976E1,4.705364227E1
1.030164567E1,6.457290649E-1,2.574958801E1,4.707552338E1
1.031170067E1,5.514144897E-1,2.571362305E1,4.701794434E1
1.032175567E1,4.533004761E-1,2.589821625E1,4.723648071E1
1.033181067E1,5.537948608E-1,2.598741150E1,4.726903534E1
1.034186567E1,2.152671814E-1,2.627321625E1,4.724576569E1
1.035192067E1,1.376190186E-1,2.630931854E1,4.720539093E1
1.036197567E1,7.659149170E-2,2.653585815E1,4.719716644E1
1.037203067E1,9.727859497E-2,2.643826294E1,4.674227142E1
1.038208567E1,2.873840332E-1,2.648522949E1,4.678186035E1
1.039214067E1,2.380485535E-1,2.652183533E1,4.670085144E1
1.040219567E1,3.365745544E-1,2.639241028E1,4.661833954E1
1.041225067E1,4.151573181E-1,2.632186890E1,4.652193451E1
1.042230567E1,5.118141174E-1,2.643370819E1,4.678307343E1
1.043236067E1,4.766464233E-1,2.645761108E1,4.616379547E1
1.044241567E1,6.458435059E-1,2.654841614E1,4.637747192E1
1.045247067E1,5.877113342E-1,2.658524323E1,4.680612946E1
1.046252567E1,6.015777588E-1,2.664717865E1,4.669814301E1
1.047258067E1,6.890220642E-1,2.658277130E1,4.652893829E1
1.048263567E1,9.031257629E-1,2.679023743E1,4.677256775E1
1.049269067E1,7.256126404E-1,2.663085938E1,4.641935730E1
1.050274567E1,5.926094055E-1,2.682923889E1,4.659478760E1
1.051280067E1,6.940765381E-1,2.679208374E1,4.646981812E1
1.052285567E1,5.721397400E-1,2.687305450E1,4.658338928E1
1.053291067E1,7.389564514E-1,2.695130157E1,4.645465851E1
1.054296567E1,5.637588501E-1,2.698696136E1,4.645477295E1
1.055302067E1,7.328147888E-1,2.729512787E1,4.657587433E1
1.056307567E1,6.117744446E-1,2.720811462E1,4.638921356E1
1.057313067E1,5.694465637E-1,2.717723846E1,4.632947540E1
1.058318567E1,6.743736267E-1,2.718083191E1,4.607736206E1
1.059324067E1,7.242660522E-1,2.736139679E1,4.610945129E1
1.060329567E1,7.115478516E-1,2.732775116E1,4.633905792E1
1.061335067E1,4.211349487E-1,2.730709076E1,4.605642700E1
1.062340567E1,4.292793274E-1,2.738736725E1,4.630295563E1
1.063346067E1,4.234542847E-1,2.725319672E1,4.646307373E1
1.064351567E1,3.630218506E-1,2.714892578E1,4.631325531E1
1.065357067E1,4.746093750E-1,2.719403839E1,4.609098053E1
1.066362567E1,4.908485413E-1,2.728553772E1,4.616060638E1
1.067368067E1,6.621437073E-1,2.726401520E1,4.619589233E1
1.068373567E1,6.698417664E-1,2.710401154E1,4.630457306E1
1.069379067E1,5.342750549E-1,2.713739014E1,4.654189301E1
1.070384567E1,7.332649231E-1,2.686685181E1,4.646229553E1
1.071390067E1,9.190368652E-1,2.686656189E1,4.629738617E1
1.072395567E1,8.607521057E-1,2.686946869E1,4.646178436E1
1.073401067E1,1.133438110E0,2.668981171E1,4.664264679E1
1.074406567E1,1.225368500E0,2.656311798E1,4.655397797E1
1.075412067E1,1.374477386E0,2.652178955E1,4.691313934E1
1.076417567E1,1.340080261E0,2.632214355E1,4.673239899E1
1.077423067E1,1.481365204E0,2.619636536E1,4.658949280E1
1.078428567E1,1.679248810E0,2.636419678E1,4.639399719E1
1.079434067E1,1.696857452E0,2.627883148E1,4.648968506E1
1.080439567E1,1.929359436E0,2.633606720E1,4.628506470E1
1.081445067E1,1.732280731E0,2.638597870E1,4.658627319E1
1.082450567E1,1.922641754E0,2.613108826E1,4.663252258E1
1.083456067E1,2.137481689E0,2.615908051E1,4.696176910E1
1.084461567E1,2.173641205E0,2.626360321E1,4.705839539E1
1.085467067E1,2.227027893E0,2.645383453E1,4.683599091E1
1.086472567E1,2.286346436E0,2.634477234E1,4.666313171E1
1.087478067E1,2.598331451E0,2.617613983E1,4.718473816E1
1.088483567E1,2.631977081E0,2.547925568E1,4.742781830E1
1.089489037E1,2.653930664E0,2.498135376E1,4.766788483E1
1.090494537E1,3.026027679E0,2.445143890E1,4.771531677E1
1.091500038E1,3.388851166E0,2.441089630E1,4.828762817E1
1.092505538E1,3.445796967E0,2.461338043E1,4.794536591E1
1.093511037E1,3.505165100E0,2.500717163E1,4.783267212E1
1.094516537E1,3.474151611E0,2.517645264E1,4.740888214E1
1.095522038E1,3.561573029E0,2.563788605E1,4.745172119E1
1.096527537E1,3.576564789E0,2.561048889E1,4.728073120E1
1.097533037E1,3.713939667E0,2.571687317E1,4.710195160E1
1.098538538E1,3.806484222E0,2.562979889E1,4.710196686E1
1.099544038E1,3.678405762E0,2.517918396E1,4.705796814E1
1.100549537E1,3.841430664E0,2.526750946E1,4.683892822E1
1.101555037E1,3.852832794E0,2.518862915E1,4.709746552E1
1.102560538E1,4.252155304E0,2.558303070E1,4.675176239E1
1.103566037E1,4.144439697E0,2.547635651E1,4.665885162E1
1.104571537E1,3.870029449E0,2.560353851E1,4.676975250E1
1.105577038E1,3.931926727E0,2.568391418E1,4.667638397E1
1.106582538E1,3.958808899E0,2.585674286E1,4.654536438E1
1.107588037E1,3.879798889E0,2.608713531E1,4.632396698E1
1.108593537E1,4.015319824E0,2.638792419E1,4.651410675E1
1.109599038E1,3.939239502E0,2.639642334E1,4.624620056E1
1.110604537E1,3.888431549E0,2.656702423E1,4.631847382E1
1.111610037E1,3.865741730E0,2.648816681E1,4.636594391E1
1.112615538E1,3.560478210E0,2.662964630E1,4.612532043E1
1.113621037E1,3.829120636E0,2.685527039E1,4.597171021E1
1.114626537E1,4.025318146E0,2.728555298E1,4.596080780E1
1.115632037E1,4.551548004E0,2.751504517E1,4.580831909E1
1.116637538E1,5.094131470E0,2.752294159E1,4.578906250E1
1.117643037E1,4.825809479E0,2.768939972E1,4.584724426E1
1.118648537E1,4.156761169E0,2.737857819E1,4.604590607E1
1.119654038E1,2.966415405E0,2.677997589E1,4.604386139E1
1.120659537E1,2.161399841E0,2.631010437E1,4.622396851E1
1.121665037E1,1.442996979E0,2.597668457E1,4.647521210E1
1.122670538E1,1.134677887E0,2.584992981E1,4.629576111E1
1.123676038E1,1.122238159E0,2.566477966E1,4.690524292E1
1.124681537E1,9.761238098E-1,2.561785889E1,4.668265533E1
1.125687037E1,6.236610413E-1,2.568539429E1,4.660286713E1
1.126692538E1,6.815185547E-1,2.626058197E1,4.693704224E1
1.127698037E1,9.090881348E-1,2.681443787E1,4.627695465E1
1.128703537E1,1.176219940E0,2.722184753E1,4.574257660E1
1.129709038E1,1.196792603E0,2.777227020E1,4.543549347E1
1.130714538E1,1.505851746E0,2.793761444E1,4.550503540E1
1.131720037E1,1.801445007E0,2.812246704E1,4.514010620E1
1.132725537E1,2.334190369E0,2.858585358E1,4.453131104E1
1.133731038E1,2.449680328E0,2.894824982E1,4.466834259E1
1.134736537E1,2.736469269E0,2.922650909E1,4.456140137E1
1.135742037E1,2.912078857E0,2.937190247E1,4.450271606E1
1.136747538E1,3.153533936E0,2.953971100E1,4.444854736E1
1.137753038E1,3.075130463E0,2.960282898E1,4.418962860E1
1.138758537E1,2.976631165E0,2.970941925E1,4.374246979E1
1.139764037E1,2.923065186E0,2.995723724E1,4.416149902E1
1.140769538E1,2.458648682E0,3.022219086E1,4.396706390E1
1.141775037E1,2.288330078E0,3.039122772E1,4.382692719E1
1.142780537E1,1.910545349E0,3.070793152E1,4.365296173E1
1.143786038E1,1.831611633E0,3.106716919E1,4.266458893E1
1.144791537E1,1.812934875E0,3.144236755E1,4.235519409E1
1.145797037E1,1.964557648E0,3.182752228E1,4.227853394E1
1.146802537E1,1.846961975E0,3.189307404E1,4.207135010E1
1.147808038E1,1.740203857E0,3.206246948E1,4.219689178E1
1.148813537E1,1.651199341E0,3.226965332E1,4.218669891E1
1.149819037E1,1.515811920E0,3.270368195E1,4.176006317E1
1.150824538E1,1.064952850E0,3.301473236E1,4.195360565E1
1.151830037E1,5.936965942E-1,3.302843475E1,4.190521240E1
1.152835537E1,-9.952163696E-2,3.333005524E1,4.186968231E1
1.153841038E1,-1.097900391E0,3.365686035E1,4.146237183E1
1.154846538E1,-2.189437866E0,3.404493713E1,4.088626099E1
1.155852037E1,-2.577842712E0,3.428737640E1,4.001850891E1
1.156857537E1,-2.725074768E0,3.470584106E1,4.026506805E1
1.157863038E1,-2.865249634E0,3.506141663E1,4.018715668E1
1.158868537E1,-2.962776184E0,3.481254578E1,4.002592468E1
1.159874037E1,-2.831695557E0,3.484934998E1,4.003713226E1
1.160879538E1,-2.929031372E0,3.497328186E1,3.995321655E1
1.161885038E1,-2.858955383E0,3.492915344E1,3.981027985E1
1.162890537E1,-3.048217773E0,3.495889282E1,3.995607758E1
1.163896037E1,-3.266365051E0,3.498241425E1,3.971495819E1
1.164901538E1,-3.535705566E0,3.503843689E1,3.970488739E1
1.165907037E1,-3.511642456E0,3.519082642E1,3.931032562E1
1.166912537E1,-3.464805603E0,3.529103851E1,3.918678284E1
1.167918038E1,-3.490951538E0,3.537060547E1,3.963884735E1
1.168923538E1,-3.094169617E0,3.545280457E1,3.932832336E1
1.169929037E1,-2.971275330E0,3.528483582E1,3.904337311E1
1.170934537E1,-2.848381042E0,3.530166626E1,3.896459961E1
1.171940038E1,-2.958854675E0,3.546003723E1,3.901855469E1
1.172945537E1,-2.759910583E0,3.548059845E1,3.942736053E1
1.173951037E1,-2.629592896E0,3.543299103E1,3.953271484E1
1.174956538E1,-2.728302002E0,3.545774078E1,3.948540497E1
1.175962037E1,-2.814521790E0,3.538980103E1,3.902005005E1
1.176967537E1,-2.839080811E0,3.534566498E1,3.888656616E1
1.177973037E1,-2.632034302E0,3.543195343E1,3.878244781E1
1.178978538E1,-2.796226501E0,3.527510071E1,3.877032471E1
1.179984037E1,-2.918090820E0,3.538911438E1,3.916542816E1
1.180989537E1,-3.024223328E0,3.553305817E1,3.915214539E1
1.181995038E1,-2.996726990E0,3.552922821E1,3.918212128E1
1.183000537E1,-2.838584900E0,3.558092499E1,3.923848724E1
1.184006037E1,-2.863319397E0,3.533464050E1,3.933377075E1
1.185011537E1,-2.980567932E0,3.526144409E1,3.898784637E1
1.186017038E1,-2.859535217E0,3.528405762E1,3.882674408E1
1.187022537E1,-2.923789978E0,3.539298248E1,3.918428040E1
1.188028037E1,-2.931510925E0,3.542712402E1,3.896950531E1
1.189033538E1,-3.121261597E0,3.552971649E1,3.898316956E1
1.190039037E1,-2.943161011E0,3.547787476E1,3.909466553E1
1.191044537E1,-2.899200439E0,3.548442841E1,3.905001068E1
1.192050038E1,-2.936355591E0,3.563208771E1,3.914995575E1
1.193055538E1,-2.957519531E0,3.549974060E1,3.946038055E1
1.194061037E1,-3.032135010E0,3.566307831E1,3.935771942E1
1.195066537E1,-3.102470398E0,3.570706177E1,3.911268616E1
1.196072038E1,-3.126167297E0,3.570912933E1,3.901019287E1
1.197077537E1,-3.052482605E0,3.563034821E1,3.912500763E1
1.198083037E1,-2.910179138E0,3.570162201E1,3.907891846E1
1.199088538E1,-3.006011963E0,3.568482971E1,3.941088104E1
1.200094038E1,-3.023780823E0,3.550907898E1,3.928324890E1
1.201099537E1,-2.741966248E0,3.545185089E1,3.914831543E1
1.202105037E1,-2.774574280E0,3.564995575E1,3.912091827E1
1.203110538E1,-2.944152832E0,3.566794586E1,3.905064392E1
1.204116037E1,-2.805000305E0,3.543278503E1,3.874549103E1
1.205121537E1,-2.948173523E0,3.564904785E1,3.899280548E1
1.206127038E1,-2.897567749E0,3.542311096E1,3.913094330E1
1.207132538E1,-2.684165955E0,3.571959686E1,3.891135406E1
1.208138037E1,-2.994613647E0,3.561380768E1,3.872438812E1
1.209143537E1,-3.116584778E0,3.557587433E1,3.898324585E1
1.210149038E1,-3.052581787E0,3.549987793E1,3.893352509E1
1.211154537E1,-2.813659668E0,3.574153900E1,3.878543091E1
1.212160037E1,-3.011375427E0,3.556144714E1,3.891751099E1
1.213165538E1,-2.839324951E0,3.552296448E1,3.902552795E1
1.214171037E1,-2.946327209E0,3.553327179E1,3.907029724E1
1.215176537E1,-2.969764709E0,3.565158844E1,3.908764648E1
1.216182037E1,-2.860679626E0,3.570764923E1,3.865874481E1
1.217187538E1,-2.646499634E0,3.601200104E1,3.889003754E1
1.218193037E1,-2.863014221E0,3.571128845E1,3.895780182E1
1.219198537E1,-2.867881775E0,3.597958374E1,3.873593903E1
1.220204038E1,-2.727516174E0,3.578012085E1,3.871322632E1
1.221209537E1,-2.790184021E0,3.566167450E1,3.893753815E1
1.222215037E1,-2.843200684E0,3.548583984E1,3.864094543E1
1.223220538E1,-2.696395874E0,3.563140869E1,3.851440430E1
1.224226038E1,-2.736602783E0,3.565782166E1,3.857488251E1
1.225231537E1,-2.947341919E0,3.573043823E1,3.879742432E1
1.226237037E1,-2.903419495E0,3.570997620E1,3.859774017E1
1.227242538E1,-2.706077576E0,3.578794098E1,3.849482727E1
1.228248037E1,-2.719795227E0,3.559774017E1,3.865857697E1
1.229253537E1,-2.667678833E0,3.570729065E1,3.863107300E1
1.230259038E1,-2.750953674E0,3.565855408E1,3.874825287E1
1.231264538E1,-2.927200317E0,3.562349701E1,3.874443054E1
1.232270037E1,-2.837539673E0,3.579141998E1,3.912607574E1
1.233275537E1,-2.914741516E0,3.574334717E1,3.887611389E1
1.234281038E1,-2.994316101E0,3.558942413E1,3.864810181E1
1.235286537E1,-2.988708496E0,3.546167755E1,3.890616608E1
1.236292037E1,-2.849525452E0,3.564904785E1,3.889355469E1
1.237297538E1,-2.872535706E0,3.560759735E1,3.862712860E1
1.238303038E1,-2.986946106E0,3.565541077E1,3.887587738E1
1.239308537E1,-3.046249390E0,3.548954773E1,3.916851044E1
1.240314037E1,-3.043922424E0,3.565212250E1,3.941591644E1
1.241319538E1,-3.102157593E0,3.553952026E1,3.914568329E1
1.242325037E1,-3.155189514E0,3.536402893E1,3.883640289E1
1.243330537E1,-2.912666321E0,3.549198151E1,3.888458252E1
1.244336038E1,-2.932937622E0,3.575310516E1,3.873686981E1
1.245341537E1,-2.662376404E0,3.566869354E1,3.902984619E1
1.246347037E1,-2.886436462E0,3.561439514E1,3.888023376E1
1.247352537E1,-2.927635193E0,3.562144470E1,3.850198364E1
1.248358038E1,-2.991775513E0,3.552974701E1,3.906650543E1
1.249363537E1,-2.697586060E0,3.585698700E1,3.867896271E1
1.250369037E1,-2.433776855E0,3.591253662E1,3.874231720E1
1.251374538E1,-2.571014404E0,3.579752350E1,3.865564728E1
1.252380037E1,-2.904396057E0,3.555780792E1,3.886294556E1
1.253385537E1,-2.776649475E0,3.560305786E1,3.880740356E1
1.254391038E1,-2.751457214E0,3.561052704E1,3.871047974E1
1.255396538E1,-2.717224121E0,3.560593414E1,3.860719299E1
1.256402037E1,-2.786788940E0,3.569512939E1,3.880215454E1
1.257407537E1,-2.933067322E0,3.570198059E1,3.876275635E1
1.258413038E1,-2.921821594E0,3.567662811E1,3.882779694E1
1.259418537E1,-2.959121704E0,3.572753906E1,3.866358948E1
1.260424037E1,-3.071647644E0,3.568422699E1,3.869922638E1
1.261429538E1,-2.979934692E0,3.552132416E1,3.887100220E1
1.262435038E1,-3.318511963E0,3.569068909E1,3.884435272E1
1.263440537E1,-3.060783386E0,3.569096375E1,3.900600433E1
1.264446037E1,-3.107528687E0,3.563147736E1,3.913476562E1
1.265451538E1,-3.108680725E0,3.584697723E1,3.909122467E1
1.266457037E1,-3.058601379E0,3.571850586E1,3.908270264E1
1.267462537E1,-2.876785278E0,3.576384735E1,3.892044830E1
1.268468038E1,-2.876197815E0,3.577301788E1,3.856811523E1
1.269473538E1,-2.760818481E0,3.569113922E1,3.887297821E1
1.270479037E1,-3.171165466E0,3.573190308E1,3.870648956E1
1.271484537E1,-2.947418213E0,3.560595703E1,3.905434418E1
1.272490038E1,-3.010833740E0,3.582655334E1,3.933639526E1
1.273495537E1,-2.938095093E0,3.592681122E1,3.896116638E1
1.274501037E1,-2.827117920E0,3.574363708E1,3.913059235E1
1.275506538E1,-2.857002258E0,3.556052399E1,3.895824432E1
1.276512037E1,-2.806022644E0,3.583242035E1,3.901064301E1
1.277517537E1,-3.003501892E0,3.571743011E1,3.889939117E1
1.278523037E1,-3.314552307E0,3.571732330E1,3.898294830E1
1.279528538E1,-3.081878662E0,3.592093658E1,3.873936462E1
1.280534037E1,-2.939208984E0,3.580099487E1,3.895259857E1
1.281539537E1,-3.011558533E0,3.578269196E1,3.916881561E1
1.282545038E1,-2.783195496E0,3.571311188E1,3.910975647E1
1.283550537E1,-2.865875244E0,3.569329834E1,3.902720642E1
1.284556037E1,-2.994613647E0,3.567398071E1,3.876374054E1
1.285561538E1,-2.967178345E0,3.561421967E1,3.882439423E1
1.286567038E1,-2.978317261E0,3.573593140E1,3.895131683E1
1.287572537E1,-2.959579468E0,3.562409210E1,3.934719849E1
1.288578037E1,-2.944816589E0,3.560176849E1,3.913666534E1
1.289583554E1,-2.854499817E0,3.559674835E1,3.910208893E1
1.290589054E1,-2.986701965E0,3.572278595E1,3.906594849E1
1.291594554E1,-3.038269043E0,3.567691803E1,3.890225220E1
1.292600054E1,-3.129333496E0,3.573329163E1,3.909881592E1
1.293605554E1,-3.062065125E0,3.580151367E1,3.880096436E1
1.294611054E1,-3.009185791E0,3.580887604E1,3.876677704E1
1.295616554E1,-3.051261902E0,3.574534607E1,3.869185638E1
1.296622054E1,-2.765556335E0,3.570222473E1,3.915146637E1
1.297627554E1,-2.858123779E0,3.553649139E1,3.883365631E1
1.298633054E1,-2.911987305E0,3.567382812E1,3.911501312E1
1.299638554E1,-3.056663513E0,3.564257050E1,3.905013275E1
1.300644054E1,-3.215232849E0,3.547928619E1,3.917126465E1
1.301649554E1,-3.132194519E0,3.573306274E1,3.928501129E1
1.302655054E1,-2.930107117E0,3.580633545E1,3.939709473E1
1.303660554E1,-2.915328979E0,3.583016968E1,3.911554718E1
1.304666054E1,-2.934089661E0,3.557595062E1,3.880108643E1
1.305671554E1,-2.761657715E0,3.559601593E1,3.903933716E1
1.306677054E1,-2.932304382E0,3.556604004E1,3.902912903E1
1.307682554E1,-2.756904602E0,3.573001099E1,3.905532837E1
1.308688054E1,-2.760551453E0,3.584651184E1,3.855883789E1
1.309693554E1,-2.494483948E0,3.569055939E1,3.898321533E1
1.310699054E1,-2.834869385E0,3.565351868E1,3.856895447E1
1.311704554E1,-2.801834106E0,3.563063049E1,3.870956421E1
1.312710054E1,-2.875305176E0,3.548656464E1,3.869190979E1
1.313715554E1,-3.011344910E0,3.573076630E1,3.858593750E1
1.314721054E1,-3.008636475E0,3.572952271E1,3.861927795E1
1.315726554E1,-3.128402710E0,3.584426880E1,3.878633881E1
1.316732054E1,-2.955902100E0,3.600946808E1,3.859356689E1
1.317737454E1,-3.006561279E0,3.599771118E1,3.869603729E1
1.318743054E1,-3.007942200E0,3.575752258E1,3.857992554E1
1.319748454E1,-3.054725647E0,3.592340851E1,3.861099243E1
1.320754054E1,-3.022537231E0,3.605641937E1,3.853819275E1
1.321759454E1,-3.034080505E0,3.589321136E1,3.869741058E1
1.322764954E1,-2.907310486E0,3.577951050E1,3.840892029E1
1.323770454E1,-3.042732239E0,3.573685455E1,3.867136383E1
1.324775954E1,-3.134674072E0,3.571579742E1,3.867323303E1
1.325781454E1,-3.016937256E0,3.578647614E1,3.838408661E1
1.326786954E1,-2.991966248E0,3.565647888E1,3.848418427E1
1.327792454E1,-2.947692871E0,3.579486847E1,3.868534088E1
1.328797954E1,-2.725784302E0,3.550062561E1,3.857015228E1
1.329803454E1,-2.939720154E0,3.529557037E1,3.883896637E1
1.330808954E1,-2.970146179E0,3.563336945E1,3.869826508E1
1.331814454E1,-2.908485413E0,3.570928192E1,3.856167603E1
1.332819954E1,-2.818534851E0,3.557064056E1,3.869945526E1
1.333825454E1,-2.772247314E0,3.562119293E1,3.861381531E1
1.334830954E1,-2.915550232E0,3.558480835E1,3.876284790E1
1.335836454E1,-2.884071350E0,3.544445801E1,3.837027740E1
1.336841954E1,-2.954635620E0,3.546003723E1,3.824195099E1
1.337847454E1,-2.992736816E0,3.537893677E1,3.806281281E1
1.338852954E1,-2.724601746E0,3.573938751E1,3.823638153E1
1.339858454E1,-2.697494507E0,3.580473328E1,3.792977905E1
1.340863954E1,-2.748062134E0,3.573167419E1,3.811271667E1
1.341869454E1,-2.720397949E0,3.571678162E1,3.778691864E1
1.342874954E1,-2.933982849E0,3.559786987E1,3.816394806E1
1.343880454E1,-2.773780823E0,3.551735687E1,3.824801636E1
1.344885954E1,-2.945022583E0,3.529439545E1,3.840832520E1
1.345891454E1,-3.079559326E0,3.553905487E1,3.815209198E1
1.346896954E1,-3.085899353E0,3.566220093E1,3.843241119E1
1.347902454E1,-2.996047974E0,3.554801178E1,3.825937653E1
1.348907954E1,-2.895301819E0,3.568885040E1,3.853575134E1
1.349913454E1,-3.085411072E0,3.563890839E1,3.852287292E1
1.350918954E1,-3.095039368E0,3.579068756E1,3.846554565E1
1.351924454E1,-3.009902954E0,3.587435913E1,3.815589905E1
1.352929954E1,-3.000793457E0,3.563774109E1,3.843208313E1
1.353935454E1,-2.958389282E0,3.572974396E1,3.857082367E1
1.354940954E1,-2.878479004E0,3.564103699E1,3.869128418E1
1.355946454E1,-2.698501587E0,3.565993500E1,3.859805298E1
1.356951954E1,-2.653694153E0,3.573670959E1,3.842627716E1
1.357957454E1,-2.792861938E0,3.574753571E1,3.888334656E1
1.358962954E1,-2.920608521E0,3.556694031E1,3.846046448E1
1.359968454E1,-3.140617371E0,3.565206909E1,3.831151581E1
1.360973954E1,-3.068496704E0,3.577864838E1,3.810781860E1
1.361979454E1,-3.037818909E0,3.584735107E1,3.833009338E1
1.362984954E1,-2.991905212E0,3.596070099E1,3.822440338E1
1.363990454E1,-2.970619202E0,3.585047150E1,3.849816132E1
1.364995954E1,-2.911048889E0,3.582635498E1,3.876565552E1
1.366001454E1,-2.882949829E0,3.583321381E1,3.828465271E1
1.367006954E1,-2.809349060E0,3.572366333E1,3.842960358E1
1.368012454E1,-2.920867920E0,3.560329437E1,3.863915253E1
1.369017954E1,-3.084861755E0,3.570757294E1,3.860299683E1
1.370023454E1,-3.090682983E0,3.563202667E1,3.833387756E1
1.371028954E1,-3.019691467E0,3.568579102E1,3.847975922E1
1.372034454E1,-3.017288208E0,3.570829773E1,3.829683685E1
1.373039954E1,-3.019477844E0,3.593318176E1,3.841282654E1
1.374045454E1,-2.927223206E0,3.559266663E1,3.870464325E1
1.375050954E1,-3.253570557E0,3.595794678E1,3.844208527E1
1.376056454E1,-2.814109802E0,3.578030396E1,3.834790039E1
1.377061954E1,-2.970794678E0,3.579569244E1,3.841722870E1
1.378067454E1,-2.819404602E0,3.579756165E1,3.865204620E1
1.379072954E1,-2.910194397E0,3.582914734E1,3.837146759E1
1.380078454E1,-2.799690247E0,3.595616913E1,3.826548004E1
1.381083954E1,-3.012245178E0,3.598873138E1,3.823862457E1
1.382089454E1,-2.773262024E0,3.607026672E1,3.858911896E1
1.383094954E1,-2.565650940E0,3.593960571E1,3.844382477E1
1.384100454E1,-3.009780884E0,3.581132507E1,3.844680023E1
1.385105954E1,-3.148269653E0,3.568489075E1,3.878854370E1
1.386111454E1,-3.079391479E0,3.568564606E1,3.848096466E1
1.387116954E1,-3.079391479E0,3.568564606E1,3.848096466E1
1.388122454E1,-2.870124817E0,3.575091553E1,3.867170715E1
1.389127954E1,-2.889831543E0,3.579874420E1,3.824263000E1
1.390133492E1,-2.940521240E0,3.596117401E1,3.848667908E1
1.391138992E1,-3.003578186E0,3.597589874E1,3.846749115E1
1.392144492E1,-2.925178528E0,3.562622833E1,3.902490997E1
1.393149992E1,-2.906829834E0,3.583348083E1,3.868536377E1
1.394155492E1,-2.954780579E0,3.578316498E1,3.869795990E1
1.395160992E1,-3.076286316E0,3.584226227E1,3.858959961E1
1.396166492E1,-2.805252075E0,3.585266876E1,3.849565887E1
1.397171992E1,-2.886932373E0,3.595643616E1,3.838030243E1
1.398177492E1,-2.723655701E0,3.583816528E1,3.823688507E1
1.399182992E1,-2.916572571E0,3.587104034E1,3.815523529E1
1.400188492E1,-2.925041199E0,3.580297852E1,3.794652557E1
1.401193992E1,-2.993133545E0,3.606407166E1,3.811392975E1
1.402199492E1,-2.945327759E0,3.603886414E1,3.817144775E1
1.403204992E1,-2.817749023E0,3.576196289E1,3.842948914E1
1.404210492E1,-3.061614990E0,3.581890869E1,3.845029449E1
1.405215992E1,-3.096649170E0,3.580873871E1,3.853825378E1
1.406221492E1,-3.138313293E0,3.570104218E1,3.785601807E1
1.407226992E1,-2.977836609E0,3.548222351E1,3.840416718E1
1.408232492E1,-2.885620117E0,3.549880219E1,3.841834259E1
1.409237992E1,-2.817115784E0,3.537820435E1,3.861190796E1
1.410243492E1,-2.897918701E0,3.558204651E1,3.826348877E1
1.411248992E1,-2.940475464E0,3.575342560E1,3.808666992E1
1.412254492E1,-3.201942444E0,3.580833435E1,3.843263245E1
1.413259992E1,-2.782493591E0,3.566439056E1,3.828636932E1
1.414265492E1,-2.882301331E0,3.590835571E1,3.838958740E1
1.415270992E1,-2.689277649E0,3.574887848E1,3.821092224E1
1.416276492E1,-2.755943298E0,3.584960938E1,3.819500732E1
1.417281992E1,-2.964721680E0,3.563498688E1,3.815744781E1
1.418287492E1,-2.941047668E0,3.550048065E1,3.858496857E1
1.419292992E1,-2.948326111E0,3.569638824E1,3.837782288E1
1.420298492E1,-3.039558411E0,3.564362335E1,3.827883911E1
1.421303992E1,-2.958732605E0,3.565476990E1,3.825494385E1
1.422309492E1,-3.200164795E0,3.563912964E1,3.810977936E1
1.423314992E1,-3.013023376E0,3.547423553E1,3.829251099E1
1.424320492E1,-3.154998779E0,3.566286469E1,3.884338379E1
1.425325992E1,-3.217010498E0,3.574654388E1,3.796567535E1
1.426331492E1,-3.464324951E0,3.567330933E1,3.823680115E1
1.427336992E1,-3.500442505E0,3.536354065E1,3.829771423E1
1.428342492E1,-3.842491150E0,3.526814270E1,3.809711456E1
1.429347992E1,-4.266639709E0,3.522164917E1,3.804185486E1
1.430353492E1,-4.805541992E0,3.526007843E1,3.785930634E1
1.431358992E1,-5.310005188E0,3.528875732E1,3.824343109E1
1.432364492E1,-5.214279175E0,3.539260864E1,3.812267303E1
1.433369992E1,-5.058418274E0,3.561958313E1,3.799273682E1
1.434375492E1,-5.263587952E0,3.549218750E1,3.817730713E1
1.435380992E1,-5.230995178E0,3.551319885E1,3.848567200E1
1.436386492E1,-5.074554443E0,3.555461121E1,3.845282745E1
1.437391992E1,-4.577117920E0,3.546841431E1,3.780303955E1
1.438397492E1,-4.687355042E0,3.553761292E1,3.806868744E1
1.439402992E1,-4.260093689E0,3.586220551E1,3.790345001E1
1.440408492E1,-4.186683655E0,3.599777985E1,3.797547150E1
1.441413992E1,-4.244453430E0,3.604338837E1,3.792956543E1
1.442419492E1,-3.979782104E0,3.600786591E1,3.798871613E1
1.443424992E1,-3.660202026E0,3.602207947E1,3.788558960E1
1.444430492E1,-3.208587646E0,3.583451843E1,3.797357178E1
1.445435992E1,-2.597610474E0,3.544837189E1,3.857047272E1
1.446441492E1,-2.032989502E0,3.528755951E1,3.861391449E1
1.447446992E1,-1.533294678E0,3.505657959E1,3.907662964E1
1.448452492E1,-1.455390930E0,3.490320587E1,3.976492310E1
1.449457992E1,-7.979507446E-1,3.471322632E1,3.986939240E1
1.450463492E1,-5.379943848E-1,3.433792877E1,4.026184845E1
1.451468992E1,-5.223770142E-1,3.420455933E1,4.046291351E1
1.452474492E1,-5.385437012E-1,3.393883514E1,4.063437653E1
1.453479992E1,-7.791824341E-1,3.373191071E1,4.096893311E1
1.454485492E1,-7.767944336E-1,3.347532654E1,4.108901978E1
1.455490992E1,-1.113273621E0,3.314321136E1,4.149468231E1
1.456496492E1,-1.025924683E0,3.247532654E1,4.229756165E1
1.457501992E1,-8.036346436E-1,3.231779480E1,4.247326660E1
1.458507492E1,-2.221450806E-1,3.199254608E1,4.262751007E1
1.459512992E1,6.464500427E-1,3.191913605E1,4.264610291E1
1.460518492E1,1.414855957E0,3.171592712E1,4.281546783E1
1.461523992E1,1.973388672E0,3.195558167E1,4.241439056E1
1.462529492E1,2.600265503E0,3.234562683E1,4.227149200E1
1.463534992E1,2.829833984E0,3.223482513E1,4.240562439E1
1.464540492E1,2.994876862E0,3.255957794E1,4.251864624E1
1.465545992E1,3.319599152E0,3.246807861E1,4.251992035E1
1.466551492E1,2.840923309E0,3.253423309E1,4.248257446E1
1.467556992E1,2.615680695E0,3.228673553E1,4.283449554E1
1.468562492E1,2.756019592E0,3.184381104E1,4.278544617E1
1.469567992E1,3.449043274E0,3.151677704E1,4.343600464E1
1.470573492E1,4.200489044E0,3.106243134E1,4.387896729E1
1.471578992E1,4.045475006E0,3.079084015E1,4.378890228E1
1.472584492E1,3.315853119E0,3.054354095E1,4.410860443E1
1.473589992E1,2.694129944E0,3.029511261E1,4.420906067E1
1.474595492E1,2.496341705E0,3.040297699E1,4.435035706E1
1.475600992E1,2.677482605E0,3.023983002E1,4.413065338E1
1.476606492E1,2.782188416E0,3.006163025E1,4.398027802E1
1.477611992E1,3.188854218E0,2.993466187E1,4.414915466E1
1.478617492E1,3.353225708E0,2.963972473E1,4.448838043E1
1.479622992E1,3.365753174E0,2.971038818E1,4.468440247E1
1.480628492E1,3.385757446E0,2.941732025E1,4.511979675E1
1.481633992E1,3.504386902E0,2.927703857E1,4.507121277E1
1.482639492E1,3.519767761E0,2.913906860E1,4.492668152E1
1.483644992E1,3.773849487E0,2.920643616E1,4.478249359E1
1.484650492E1,3.892795563E0,2.928403473E1,4.478225708E1
1.485655992E1,3.891422272E0,2.931254578E1,4.500459290E1
1.486661492E1,4.080139160E0,2.939804840E1,4.493491364E1
1.487666992E1,4.256134033E0,2.962047577E1,4.457865143E1
1.488672492E1,4.585727692E0,2.988191223E1,4.444091797E1
1.489677950E1,4.676616669E0,2.972321320E1,4.500881958E1
1.490683450E1,4.785949707E0,3.001632690E1,4.470154572E1
1.491688950E1,4.960590363E0,2.978303528E1,4.468627930E1
1.492694450E1,4.974544525E0,2.964372253E1,4.491476440E1
1.493699950E1,5.019462585E0,2.950907135E1,4.468312836E1
1.494705450E1,4.767520905E0,2.937525177E1,4.469361115E1
1.495710950E1,4.672924042E0,2.916565704E1,4.496865845E1
1.496716450E1,4.363334656E0,2.901118469E1,4.540336609E1
1.497721950E1,4.185905457E0,2.899353790E1,4.526501465E1
1.498727450E1,3.866687775E0,2.918431854E1,4.531853485E1
1.499732950E1,3.305934906E0,2.929754639E1,4.518545532E1
1.500738450E1,2.912117004E0,2.961388397E1,4.485140228E1
1.501743950E1,2.670272827E0,2.947219086E1,4.508207703E1
1.502749450E1,2.447834015E0,2.895510864E1,4.475283813E1
1.503754950E1,2.461830139E0,2.837161255E1,4.508724213E1
1.504760450E1,2.524150848E0,2.781797791E1,4.581155396E1
1.505765950E1,2.796798706E0,2.733244324E1,4.617658234E1
1.506771450E1,2.997329712E0,2.697232819E1,4.658132935E1
1.507776950E1,3.360443115E0,2.664147186E1,4.664225006E1
1.508782450E1,3.749767303E0,2.633378601E1,4.702761078E1
1.509787950E1,4.102973938E0,2.620436096E1,4.693865204E1
1.510793450E1,4.204570770E0,2.591514587E1,4.711335754E1
1.511798950E1,4.558670044E0,2.584952545E1,4.745621490E1
1.512804450E1,4.510730743E0,2.549250793E1,4.728545380E1
1.513809950E1,4.515625000E0,2.509625244E1,4.748355103E1
1.514815450E1,4.448081970E0,2.465055847E1,4.783597565E1
1.515820950E1,4.711898804E0,2.436241150E1,4.813395691E1
1.516826450E1,4.773719788E0,2.410048676E1,4.812253571E1
1.517831950E1,4.875240326E0,2.389122772E1,4.827350616E1
1.518837450E1,4.894699097E0,2.396437836E1,4.815608978E1
1.519842950E1,4.758209229E0,2.414193726E1,4.859953308E1
1.520848450E1,4.832420349E0,2.421290588E1,4.825521088E1
1.521853950E1,4.754852295E0,2.399340057E1,4.803256226E1
1.522859450E1,4.556076050E0,2.423899841E1,4.789070892E1
1.523864950E1,4.312000275E0,2.435493469E1,4.778361511E1
1.524870450E1,4.083038330E0,2.429516602E1,4.768592072E1
1.525875950E1,4.201690674E0,2.439184570E1,4.772493744E1
1.526881450E1,4.162628174E0,2.425801086E1,4.766618347E1
1.527886950E1,4.021686554E0,2.420832825E1,4.746359253E1
1.528892450E1,3.887977600E0,2.427670288E1,4.751260376E1
1.529897950E1,3.975971222E0,2.423340607E1,4.797054291E1
1.530903450E1,4.006736755E0,2.417175293E1,4.754322052E1
1.531908950E1,3.976531982E0,2.416745758E1,4.778082275E1
1.532914450E1,3.991340637E0,2.421354675E1,4.780241394E1
1.533919950E1,4.246479034E0,2.434543610E1,4.774516296E1
1.534925450E1,4.387134552E0,2.439618683E1,4.767899323E1
1.535930950E1,4.451259613E0,2.434355164E1,4.778464508E1
1.536936450E1,4.748630524E0,2.468005371E1,4.775744629E1
1.537941950E1,4.855030060E0,2.462090302E1,4.776306915E1
1.538947450E1,4.895008087E0,2.476605225E1,4.764262390E1
1.539952950E1,5.026428223E0,2.512609100E1,4.756903076E1
1.540958450E1,4.949661255E0,2.499176788E1,4.732672882E1
1.541963950E1,4.995994568E0,2.494009399E1,4.780934143E1
1.542969450E1,5.191379547E0,2.494436646E1,4.798056793E1
1.543974950E1,5.206195831E0,2.465063477E1,4.784928894E1
1.544980450E1,5.173885345E0,2.478140259E1,4.803961182E1
1.545985950E1,5.024616241E0,2.472394562E1,4.801690674E1
1.546991450E1,5.064212799E0,2.483609772E1,4.750815582E1
1.547996950E1,4.963462830E0,2.501209259E1,4.758038330E1
1.549002450E1,4.968986511E0,2.518346405E1,4.761943054E1
1.550007950E1,5.052177429E0,2.539898682E1,4.723386383E1
1.551013450E1,4.934524536E0,2.546095276E1,4.700511169E1
1.552018950E1,4.702880859E0,2.541872406E1,4.707849884E1
1.553024450E1,4.872138977E0,2.573410797E1,4.707582855E1
1.554029950E1,4.789024353E0,2.558100891E1,4.710168457E1
1.555035450E1,4.786033630E0,2.573148346E1,4.673141479E1
1.556040950E1,4.740119934E0,2.576962280E1,4.686645508E1
1.557046450E1,4.716781616E0,2.554838562E1,4.661264801E1
1.558051950E1,4.640296936E0,2.534628296E1,4.628237152E1
1.559057450E1,4.834732056E0,2.532906342E1,4.594401550E1
1.560062950E1,4.604377747E0,2.557064819E1,4.515203094E1
1.561068450E1,4.297691345E0,2.564449310E1,4.532202148E1
1.562073950E1,3.590225220E0,2.548132324E1,4.483708954E1
1.563079450E1,2.928581238E0,2.537319183E1,4.428406525E1
1.564084950E1,1.792762756E0,2.561347198E1,4.384553528E1
1.565090450E1,9.775924683E-2,2.559763336E1,4.351044464E1
1.566095950E1,-1.701911926E0,2.573348236E1,4.325019836E1
1.567101450E1,-4.154373169E0,2.634855652E1,4.294140625E1
1.568106950E1,-7.109992981E0,2.722219086E1,4.313674927E1
1.569112450E1,-1.066344452E1,2.840021515E1,4.352005005E1
1.570117950E1,-1.460446930E1,3.038459015E1,4.447517395E1
1.571123450E1,-1.898918152E1,3.319362640E1,4.611723328E1
1.572128950E1,-2.351596069E1,3.764141083E1,4.790757751E1
1.573134450E1,-2.786386871E1,4.286766815E1,5.009830475E1
1.574139950E1,-3.185055542E1,4.899954987E1,5.271916199E1
1.575145450E1,-3.554580688E1,5.568029022E1,5.497361755E1
1.576150950E1,-3.834779358E1,6.244584656E1,5.638445282E1
1.577156450E1,-4.018989563E1,6.923618317E1,5.667505646E1
1.578161950E1,-4.093128204E1,7.575611115E1,5.550263214E1
1.579167450E1,-3.998792267E1,8.187110138E1,5.275596619E1
1.580172950E1,-3.759470367E1,8.741907501E1,4.850328064E1
1.581178350E1,-3.416954041E1,9.162142181E1,4.191067505E1
1.582183950E1,-2.912602234E1,9.457639313E1,3.338829041E1
1.583189350E1,-2.332523346E1,9.520243073E1,2.324793243E1
1.584194950E1,-1.699834442E1,9.329026031E1,1.163578033E1
1.585200350E1,-1.085594940E1,8.988634491E1,-3.411254883E-1
1.586205950E1,-8.445907593E0,8.766687775E1,-1.252650452E1
1.587211350E1,-1.417069244E1,9.058100128E1,-2.235830688E1
1.588216950E1,-3.327245331E1,1.161560440E2,-3.959434509E1
1.589222350E1,-4.198478699E1,1.315039368E2,-5.653208923E1
1.590228017E1,-4.420130920E1,1.357421570E2,-6.132221985E1
1.591233417E1,-4.500885773E1,1.370508118E2,-6.226911926E1
1.592238917E1,-4.514045715E1,1.378877563E2,-6.270881653E1
1.593244417E1,-4.529988098E1,1.384051819E2,-6.331559753E1
1.594249917E1,-4.570571136E1,1.385521240E2,-6.343399048E1
1.595255417E1,-4.584229279E1,1.390603027E2,-6.377677917E1
1.596260917E1,-4.540991211E1,1.390663452E2,-6.361398315E1
1.597266417E1,-4.538545227E1,1.390913696E2,-6.414517212E1
1.598271917E1,-4.528550720E1,1.388186340E2,-6.377058411E1
1.599277417E1,-4.480081940E1,1.389089050E2,-6.383218384E1
1.600282917E1,-4.475257111E1,1.390049438E2,-6.384867859E1
1.601288417E1,-4.471263885E1,1.388004456E2,-6.413681030E1
1.602293917E1,-4.423860931E1,1.385944824E2,-6.411369324E1
1.603299417E1,-4.424278259E1,1.386359558E2,-6.399734497E1
1.604304917E1,-4.398126984E1,1.388071289E2,-6.361805725E1
1.605310417E1,-4.403092957E1,1.386126099E2,-6.360415649E1
1.606315917E1,-4.425360107E1,1.388605042E2,-6.373365784E1
1.607321417E1,-4.415156555E1,1.387135315E2,-6.356838989E1
1.608326917E1,-4.401061249E1,1.387855835E2,-6.335607910E1
1.609332417E1,-4.422708893E1,1.389508667E2,-6.384077454E1
1.610337917E1,-4.411883545E1,1.387690735E2,-6.359313965E1
1.611343417E1,-4.391957092E1,1.388595581E2,-6.363024902E1
1.612348917E1,-4.378697968E1,1.386565247E2,-6.367098999E1
1.613354417E1,-4.390100861E1,1.385224609E2,-6.355070496E1
1.614359917E1,-4.396873474E1,1.384748535E2,-6.354489136E1
1.615365417E1,-4.354871368E1,1.382179871E2,-6.337504578E1
1.616370917E1,-4.352250671E1,1.378570862E2,-6.339991760E1
1.617376417E1,-4.348719025E1,1.376478882E2,-6.293086243E1
1.618381917E1,-4.338919830E1,1.373159790E2,-6.267231750E1
1.619387417E1,-4.348950195E1,1.370870056E2,-6.256227112E1
1.620392917E1,-4.313089752E1,1.374124451E2,-6.285992432E1
1.621398417E1,-4.330570984E1,1.380075989E2,-6.334130859E1
1.622403917E1,-4.348253632E1,1.386321716E2,-6.360820007E1
1.623409417E1,-4.356715393E1,1.390648193E2,-6.417727661E1
1.624414917E1,-4.415366364E1,1.395405579E2,-6.413366699E1
1.625420417E1,-4.436355591E1,1.395950012E2,-6.411997986E1
1.626425917E1,-4.465001678E1,1.396686401E2,-6.408601379E1
1.627431417E1,-4.534715271E1,1.397781982E2,-6.399113464E1
1.628436917E1,-4.562503815E1,1.399608765E2,-6.426055908E1
1.629442417E1,-4.593983459E1,1.401181946E2,-6.438174438E1
1.630447917E1,-4.611184692E1,1.401582947E2,-6.446031189E1
1.631453417E1,-4.613572693E1,1.402496948E2,-6.464733887E1
1.632458917E1,-4.598427582E1,1.403230591E2,-6.442520142E1
1.633464417E1,-4.576009369E1,1.403555603E2,-6.464234924E1
1.634469917E1,-4.537396240E1,1.404242859E2,-6.448123169E1
1.635475417E1,-4.529053497E1,1.402915649E2,-6.450440979E1
1.636480917E1,-4.580442810E1,1.399514160E2,-6.414881897E1
1.637486417E1,-4.652941132E1,1.397553711E2,-6.406382751E1
1.638491917E1,-4.748410034E1,1.396306458E2,-6.388009644E1
1.639497417E1,-4.809240723E1,1.392747498E2,-6.356056213E1
1.640502917E1,-4.823553467E1,1.390957642E2,-6.285511780E1
1.641508417E1,-4.805879974E1,1.391006470E2,-6.325250244E1
1.642513917E1,-4.808955383E1,1.390951538E2,-6.322380066E1
1.643519417E1,-4.842848969E1,1.387644348E2,-6.313084412E1
1.644524917E1,-4.911215973E1,1.386421509E2,-6.355656433E1
1.645530417E1,-4.956331635E1,1.384720459E2,-6.340289307E1
1.646535917E1,-5.023101807E1,1.384302979E2,-6.335826111E1
1.647541417E1,-5.059834290E1,1.380649414E2,-6.298954773E1
1.648546917E1,-5.100967407E1,1.380584106E2,-6.284400940E1
1.649552417E1,-5.112382507E1,1.383050842E2,-6.289967346E1
1.650557917E1,-5.111144257E1,1.383344727E2,-6.307679749E1
1.651563417E1,-5.125627899E1,1.385856934E2,-6.346534729E1
1.652568917E1,-5.107736969E1,1.387431946E2,-6.383380127E1
1.653574417E1,-5.131412506E1,1.390197754E2,-6.391703796E1
1.654579917E1,-5.141339874E1,1.391793518E2,-6.386254883E1
1.655585417E1,-5.162210083E1,1.390074158E2,-6.386306763E1
1.656590917E1,-5.198126221E1,1.389704285E2,-6.378500366E1
1.657596417E1,-5.244512177E1,1.391626282E2,-6.373493958E1
1.658601917E1,-5.255026245E1,1.388655090E2,-6.338465881E1
1.659607417E1,-5.293374634E1,1.391072388E2,-6.384197998E1
1.660612917E1,-5.282166290E1,1.392535706E2,-6.408386230E1
1.661618417E1,-5.308576202E1,1.392264709E2,-6.394602966E1
1.662623917E1,-5.337220001E1,1.392743225E2,-6.438397217E1
1.663629417E1,-5.342761230E1,1.394844055E2,-6.443782043E1
1.664634917E1,-5.368034363E1,1.395409546E2,-6.435827637E1
1.665640417E1,-5.388540649E1,1.399560852E2,-6.443540955E1
1.666645917E1,-5.409298706E1,1.400083618E2,-6.473129272E1
1.667651417E1,-5.445089722E1,1.402828369E2,-6.500512695E1
1.668656917E1,-5.453394318E1,1.404293518E2,-6.501679993E1
1.669662417E1,-5.489413452E1,1.410931091E2,-6.518849182E1
1.670667917E1,-5.468739319E1,1.413515625E2,-6.532424927E1
1.671673417E1,-5.463077545E1,1.416775208E2,-6.565267944E1
1.672678917E1,-5.472047424E1,1.419795532E2,-6.593214417E1
1.673684417E1,-5.447506714E1,1.422664185E2,-6.592997742E1
1.674689917E1,-5.484603119E1,1.429195557E2,-6.653927612E1
1.675695417E1,-5.507651520E1,1.437503357E2,-6.728941345E1
1.676700917E1,-5.514620209E1,1.444593201E2,-6.758038330E1
1.677706417E1,-5.531322479E1,1.451622620E2,-6.835185242E1
1.678711917E1,-5.562102509E1,1.456905823E2,-6.866011047E1
1.679717417E1,-5.578678131E1,1.461804810E2,-6.901737976E1
1.680722917E1,-5.577525330E1,1.465505981E2,-6.948339844E1
1.681728417E1,-5.615345764E1,1.470491638E2,-6.968035889E1
1.682733917E1,-5.622152710E1,1.472065430E2,-6.985078430E1
1.683739417E1,-5.635882568E1,1.474044800E2,-6.994549561E1
1.684744917E1,-5.657559967E1,1.475492249E2,-6.992883301E1
1.685750417E1,-5.658520508E1,1.477436829E2,-6.998483276E1
1.686755917E1,-5.643331146E1,1.481798096E2,-7.063253784E1
1.687761417E1,-5.628387451E1,1.486230469E2,-7.071847534E1
1.688766917E1,-5.608563232E1,1.489145203E2,-7.122064209E1
1.689772375E1,-5.645290375E1,1.489339905E2,-7.142730713E1
1.690777875E1,-5.646480560E1,1.489156189E2,-7.136317444E1
1.691783375E1,-5.643275452E1,1.487855225E2,-7.127406311E1
1.692788875E1,-5.628335571E1,1.486191711E2,-7.146708679E1
1.693794375E1,-5.661464691E1,1.484136658E2,-7.127073669E1
1.694799875E1,-5.662995911E1,1.485033875E2,-7.161381531E1
1.695805375E1,-5.655722046E1,1.480932007E2,-7.158663940E1
1.696810875E1,-5.663748932E1,1.483401794E2,-7.145941162E1
1.697816375E1,-5.690018463E1,1.483912354E2,-7.139836121E1
1.698821875E1,-5.671183777E1,1.485263367E2,-7.133184814E1
1.699827375E1,-5.692777252E1,1.482817993E2,-7.125868225E1
1.700832875E1,-5.662335968E1,1.482444458E2,-7.101522827E1
1.701838375E1,-5.663905334E1,1.483117371E2,-7.141403198E1
1.702843875E1,-5.661815643E1,1.484364624E2,-7.139541626E1
1.703849375E1,-5.650791931E1,1.484062805E2,-7.154913330E1
1.704854875E1,-5.692690277E1,1.483624268E2,-7.135319519E1
1.705860375E1,-5.692675781E1,1.483279114E2,-7.141581726E1
1.706865875E1,-5.663404083E1,1.483490906E2,-7.128523254E1
1.707871375E1,-5.678056335E1,1.481974182E2,-7.113960266E1
1.708876875E1,-5.657946014E1,1.482160034E2,-7.120680237E1
1.709882375E1,-5.665320587E1,1.483638306E2,-7.127642822E1
1.710887875E1,-5.659601593E1,1.481977234E2,-7.151268005E1
1.711893375E1,-5.628281403E1,1.481184387E2,-7.146417236E1
1.712898875E1,-5.624384308E1,1.483084412E2,-7.146836853E1
1.713904375E1,-5.664799500E1,1.483564758E2,-7.144889832E1
1.714909875E1,-5.664867401E1,1.482945557E2,-7.118124390E1
1.715915375E1,-5.666603088E1,1.484044800E2,-7.107450867E1
1.716920875E1,-5.671437073E1,1.482085876E2,-7.094404602E1
1.717926375E1,-5.662559509E1,1.482582092E2,-7.116621399E1
1.718931875E1,-5.653184509E1,1.482534790E2,-7.132432556E1
1.719937375E1,-5.688317871E1,1.480159302E2,-7.119094849E1
1.720942875E1,-5.683531952E1,1.480521240E2,-7.127975464E1
1.721948375E1,-5.666077423E1,1.483548889E2,-7.147044373E1
1.722953875E1,-5.679269409E1,1.483515625E2,-7.113743591E1
1.723959375E1,-5.674256134E1,1.483199768E2,-7.113291931E1
1.724964875E1,-5.671184540E1,1.481037292E2,-7.109364319E1
1.725970375E1,-5.680127716E1,1.482659302E2,-7.097058105E1
1.726975875E1,-5.660608673E1,1.483271484E2,-7.132196045E1
1.727981375E1,-5.661011505E1,1.483188782E2,-7.123104858E1
1.728986875E1,-5.653826904E1,1.484897461E2,-7.119168091E1
1.729992375E1,-5.656326294E1,1.485287170E2,-7.117845154E1
1.730997875E1,-5.646215057E1,1.483769836E2,-7.115083313E1
1.732003375E1,-5.660400391E1,1.483658142E2,-7.137298584E1
1.733008875E1,-5.664390564E1,1.484533386E2,-7.095080566E1
1.734014375E1,-5.652130127E1,1.485316162E2,-7.124191284E1
1.735019875E1,-5.658704376E1,1.483233337E2,-7.115887451E1
1.736025375E1,-5.661466980E1,1.483830566E2,-7.102642822E1
1.737030875E1,-5.651068115E1,1.482802734E2,-7.112528992E1
1.738036375E1,-5.686015320E1,1.483034058E2,-7.126808167E1
1.739041875E1,-5.671833801E1,1.483894653E2,-7.102052307E1
1.740047375E1,-5.687196350E1,1.483619385E2,-7.112474060E1
1.741052875E1,-5.694137573E1,1.482232971E2,-7.100663757E1
1.742058375E1,-5.665122223E1,1.482184448E2,-7.099607849E1
1.743063875E1,-5.661126709E1,1.482737427E2,-7.090481567E1
1.744069375E1,-5.677639771E1,1.481546326E2,-7.137510681E1
1.745074875E1,-5.676662445E1,1.481181030E2,-7.131843567E1
1.746080375E1,-5.666496277E1,1.484716797E2,-7.080488586E1
1.747085875E1,-5.692668152E1,1.482686768E2,-7.101585388E1
1.748091375E1,-5.706771851E1,1.483079529E2,-7.118598938E1
1.749096875E1,-5.704654694E1,1.482142029E2,-7.090769958E1
1.750102375E1,-5.689937592E1,1.483672791E2,-7.089237976E1
1.751107875E1,-5.677160645E1,1.484078674E2,-7.097439575E1
1.752113375E1,-5.690209198E1,1.485023193E2,-7.099942017E1
1.753118875E1,-5.696135712E1,1.482021179E2,-7.108432007E1
1.754124375E1,-5.678944397E1,1.482783508E2,-7.135922241E1
1.755129875E1,-5.667496490E1,1.482981262E2,-7.118952942E1
1.756135375E1,-5.666548920E1,1.482955933E2,-7.102980042E1
1.757140875E1,-5.652839661E1,1.483911438E2,-7.086566162E1
1.758146375E1,-5.688797760E1,1.484362793E2,-7.090899658E1
1.759151875E1,-5.661428833E1,1.484674988E2,-7.071420288E1
1.760157375E1,-5.633034515E1,1.483403320E2,-7.050706482E1
1.761162875E1,-5.658425140E1,1.485076294E2,-7.054525757E1
1.762168375E1,-5.673485565E1,1.483836670E2,-7.076667786E1
1.763173875E1,-5.687516785E1,1.484241943E2,-7.086672974E1
1.764179375E1,-5.674050140E1,1.485114441E2,-7.070347595E1
1.765184875E1,-5.674711609E1,1.484031982E2,-7.073222351E1
1.766190375E1,-5.669959259E1,1.482844238E2,-7.049609375E1
1.767195875E1,-5.655256653E1,1.483617554E2,-7.049458313E1
1.768201375E1,-5.663296509E1,1.483377991E2,-7.075552368E1
1.769206875E1,-5.651443481E1,1.483540649E2,-7.073942566E1
1.770212375E1,-5.647332001E1,1.484160461E2,-7.110090637E1
1.771217875E1,-5.680104065E1,1.483335266E2,-7.098635864E1
1.772223375E1,-5.677667999E1,1.483430786E2,-7.069053650E1
1.773228875E1,-5.669016266E1,1.482957764E2,-7.067678833E1
1.774234375E1,-5.660410309E1,1.482037659E2,-7.076805115E1
1.775239875E1,-5.658930969E1,1.483134460E2,-7.107028198E1
1.776245375E1,-5.660558319E1,1.483800964E2,-7.110498047E1
1.777250875E1,-5.664405060E1,1.484237976E2,-7.098985291E1
1.778256375E1,-5.688237000E1,1.485631104E2,-7.112065125E1
1.779261875E1,-5.696273041E1,1.484431763E2,-7.132894897E1
1.780267375E1,-5.663931274E1,1.483816833E2,-7.161566162E1
1.781272875E1,-5.672154999E1,1.484029846E2,-7.128570557E1
1.782278375E1,-5.695123291E1,1.482381592E2,-7.134617615E1
1.783283875E1,-5.700506592E1,1.483072815E2,-7.096740723E1
1.784289375E1,-5.699504852E1,1.483472900E2,-7.118859863E1
1.785294875E1,-5.673597717E1,1.480985107E2,-7.076324463E1
1.786300375E1,-5.671828461E1,1.483018799E2,-7.103472900E1
1.787305875E1,-5.674007416E1,1.482279968E2,-7.087969971E1
1.788311375E1,-5.662397003E1,1.480935974E2,-7.084539795E1
1.789316875E1,-5.668975830E1,1.481347961E2,-7.132894897E1
1.790322354E1,-5.682313538E1,1.479708252E2,-7.116888428E1
1.791327854E1,-5.665684509E1,1.480600586E2,-7.163890076E1
1.792333354E1,-5.650999451E1,1.480477905E2,-7.137261963E1
1.793338854E1,-5.656829071E1,1.483100281E2,-7.138883972E1
1.794344354E1,-5.669068146E1,1.483153076E2,-7.134063721E1
1.795349854E1,-5.655929565E1,1.483684387E2,-7.116365051E1
1.796355354E1,-5.656005096E1,1.483968506E2,-7.132774353E1
1.797360854E1,-5.690294647E1,1.484597778E2,-7.109403992E1
1.798366354E1,-5.677426147E1,1.481593933E2,-7.098760986E1
1.799371854E1,-5.671705627E1,1.481204834E2,-7.115652466E1
1.800377354E1,-5.659687805E1,1.481972961E2,-7.123759460E1
1.801382854E1,-5.669029999E1,1.483953552E2,-7.115112305E1
1.802388354E1,-5.686382294E1,1.483604126E2,-7.123452759E1
1.803393854E1,-5.689643860E1,1.484087524E2,-7.122071838E1
1.804399354E1,-5.672822571E1,1.485174255E2,-7.127255249E1
1.805404854E1,-5.656555939E1,1.486676941E2,-7.112994385E1
1.806410354E1,-5.664976501E1,1.485820618E2,-7.147633362E1
1.807415854E1,-5.658325958E1,1.484020386E2,-7.153602600E1
1.808421354E1,-5.663477325E1,1.485491333E2,-7.125028992E1
1.809426854E1,-5.671305084E1,1.484087219E2,-7.101937866E1
1.810432354E1,-5.688088226E1,1.482965393E2,-7.120486450E1
1.811437854E1,-5.667433167E1,1.485650635E2,-7.120614624E1
1.812443354E1,-5.693246460E1,1.486678467E2,-7.145605469E1
1.813448854E1,-5.668437195E1,1.485206909E2,-7.138664246E1
1.814454354E1,-5.660224915E1,1.485619812E2,-7.133845520E1
1.815459854E1,-5.648471832E1,1.484888000E2,-7.132923889E1
1.816465354E1,-5.640672302E1,1.483849182E2,-7.117207336E1
1.817470854E1,-5.679785156E1,1.483794861E2,-7.138815308E1
1.818476354E1,-5.664762115E1,1.484837952E2,-7.108934021E1
1.819481854E1,-5.667291260E1,1.486243896E2,-7.097778320E1
1.820487354E1,-5.674607849E1,1.487064819E2,-7.111376953E1
1.821492854E1,-5.668902588E1,1.486791992E2,-7.104862976E1
1.822498354E1,-5.682304382E1,1.485076904E2,-7.113180542E1
1.823503854E1,-5.686777496E1,1.486550293E2,-7.110331726E1
1.824509354E1,-5.704070282E1,1.484241028E2,-7.140872192E1
1.825514854E1,-5.703933716E1,1.484721680E2,-7.151344299E1
1.826520354E1,-5.693400574E1,1.485387878E2,-7.164245605E1
1.827525854E1,-5.707921600E1,1.483996277E2,-7.186776733E1
1.828531354E1,-5.684287262E1,1.482537537E2,-7.166253662E1
1.829536854E1,-5.702485657E1,1.485341797E2,-7.147853088E1
1.830542354E1,-5.685108948E1,1.483844299E2,-7.153056335E1
1.831547854E1,-5.707614899E1,1.486706543E2,-7.162152100E1
1.832553354E1,-5.726009369E1,1.487123108E2,-7.127012634E1
1.833558854E1,-5.704727173E1,1.485675659E2,-7.117752075E1
1.834564354E1,-5.680194855E1,1.486835327E2,-7.138662720E1
1.835569854E1,-5.670094299E1,1.485557861E2,-7.138528442E1
1.836575354E1,-5.689356232E1,1.484767151E2,-7.135224915E1
1.837580854E1,-5.702933502E1,1.486677856E2,-7.131701660E1
1.838586354E1,-5.692181396E1,1.487863770E2,-7.122714233E1
1.839591854E1,-5.656443787E1,1.485917358E2,-7.172523499E1
1.840597354E1,-5.665779877E1,1.487273560E2,-7.168099976E1
1.841602854E1,-5.691538239E1,1.484645386E2,-7.124203491E1
1.842608354E1,-5.660644531E1,1.483713684E2,-7.118373108E1
1.843613854E1,-5.648796082E1,1.481258545E2,-7.115077209E1
1.844619354E1,-5.656563568E1,1.481831970E2,-7.122270203E1
1.845624854E1,-5.662107849E1,1.484952698E2,-7.152708435E1
1.846630354E1,-5.678200531E1,1.483266907E2,-7.159465027E1
1.847635854E1,-5.696277618E1,1.483956299E2,-7.150221252E1
1.848641354E1,-5.691605377E1,1.480650330E2,-7.120788574E1
1.849646854E1,-5.694427490E1,1.483926697E2,-7.113818359E1
1.850652354E1,-5.685115814E1,1.484175720E2,-7.110099792E1
1.851657854E1,-5.691070557E1,1.484459229E2,-7.149589539E1
1.852663354E1,-5.661897278E1,1.484870911E2,-7.119224548E1
1.853668854E1,-5.675794983E1,1.483890991E2,-7.135192871E1
1.854674354E1,-5.671011353E1,1.483384399E2,-7.143542480E1
1.855679854E1,-5.701345062E1,1.482085571E2,-7.139152527E1
1.856685354E1,-5.702663422E1,1.482838135E2,-7.110089111E1
1.857690854E1,-5.679701996E1,1.483682861E2,-7.167321777E1
1.858696354E1,-5.663577271E1,1.483215027E2,-7.153450012E1
1.859701854E1,-5.657748413E1,1.484074707E2,-7.105847168E1
1.860707254E1,-5.685663605E1,1.482374573E2,-7.143551636E1
1.861712854E1,-5.681467438E1,1.482870178E2,-7.123475647E1
1.862718254E1,-5.661073303E1,1.482200623E2,-7.096041870E1
1.863723854E1,-5.686094666E1,1.484796143E2,-7.144006348E1
1.864729254E1,-5.693358612E1,1.485134888E2,-7.149230957E1
1.865734854E1,-5.702165985E1,1.484753418E2,-7.163653564E1
1.866740254E1,-5.678064728E1,1.485514526E2,-7.160095215E1
1.867745854E1,-5.679450989E1,1.484502258E2,-7.161703491E1
1.868751254E1,-5.670618439E1,1.483223877E2,-7.135287476E1
1.869756854E1,-5.684577942E1,1.484463806E2,-7.128086853E1
1.870762254E1,-5.707263184E1,1.485294800E2,-7.111779785E1
1.871767854E1,-5.672982025E1,1.484983521E2,-7.124227905E1
1.872773254E1,-5.669074249E1,1.486269836E2,-7.112747192E1
1.873778754E1,-5.682635498E1,1.485265503E2,-7.133709717E1
1.874784254E1,-5.696353149E1,1.487333374E2,-7.133776855E1
1.875789754E1,-5.674861145E1,1.487193604E2,-7.129707336E1
1.876795254E1,-5.664312744E1,1.485737915E2,-7.139314270E1
1.877800754E1,-5.688632965E1,1.488449707E2,-7.116427612E1
1.878806254E1,-5.676190948E1,1.488110657E2,-7.109136963E1
1.879811754E1,-5.685540771E1,1.489355469E2,-7.159648132E1
1.880817254E1,-5.694557190E1,1.487811279E2,-7.132116699E1
1.881822754E1,-5.707610321E1,1.488139954E2,-7.113835144E1
1.882828254E1,-5.714128113E1,1.488425293E2,-7.105715942E1
1.883833754E1,-5.712882233E1,1.485657349E2,-7.100082397E1
1.884839254E1,-5.695040894E1,1.487040405E2,-7.111120605E1
1.885844754E1,-5.689059448E1,1.485253906E2,-7.143623352E1
1.886850254E1,-5.724397278E1,1.486387024E2,-7.118167114E1
1.887855754E1,-5.712583160E1,1.486254883E2,-7.106578064E1
1.888861254E1,-5.693451691E1,1.485336304E2,-7.132069397E1
1.889866742E1,-5.681813812E1,1.487796021E2,-7.145118713E1
1.890872242E1,-5.671343231E1,1.486183472E2,-7.147306824E1
1.891877742E1,-5.663069153E1,1.486058655E2,-7.157572937E1
1.892883242E1,-5.671141815E1,1.486633301E2,-7.127742004E1
1.893888742E1,-5.678411865E1,1.485816650E2,-7.105322266E1
1.894894242E1,-5.674287415E1,1.484841614E2,-7.128947449E1
1.895899742E1,-5.681999969E1,1.487438354E2,-7.115495300E1
1.896905242E1,-5.671587372E1,1.487679749E2,-7.114350891E1
1.897910742E1,-5.680580902E1,1.486005554E2,-7.102465820E1
1.898916242E1,-5.667298126E1,1.484998169E2,-7.121705627E1
1.899921742E1,-5.667321014E1,1.485039673E2,-7.125895691E1
1.900927242E1,-5.660851288E1,1.483997192E2,-7.114004517E1
1.901932742E1,-5.669263458E1,1.482776794E2,-7.118403625E1
1.902938242E1,-5.669651794E1,1.483301086E2,-7.169726562E1
1.903943742E1,-5.667846680E1,1.483627930E2,-7.172892761E1
1.904949242E1,-5.685547638E1,1.483272705E2,-7.126679993E1
1.905954742E1,-5.679555511E1,1.484542236E2,-7.079402161E1
1.906960242E1,-5.692440796E1,1.486333618E2,-7.112377930E1
1.907965742E1,-5.709079742E1,1.485181885E2,-7.167477417E1
1.908971242E1,-5.674492645E1,1.485598755E2,-7.145504761E1
1.909976742E1,-5.652911377E1,1.485237122E2,-7.134445190E1
1.910982242E1,-5.666098785E1,1.484257507E2,-7.148706055E1
1.911987742E1,-5.682419586E1,1.486003723E2,-7.123292542E1
1.912993242E1,-5.690712738E1,1.484868774E2,-7.102694702E1
1.913998742E1,-5.707756042E1,1.485090637E2,-7.123472595E1
1.915004242E1,-5.703714752E1,1.485339050E2,-7.099038696E1
1.916009742E1,-5.716280365E1,1.486170959E2,-7.105747986E1
1.917015242E1,-5.681532288E1,1.485252991E2,-7.094236755E1
1.918020742E1,-5.694020844E1,1.486353760E2,-7.116877747E1
1.919026242E1,-5.718164062E1,1.484916687E2,-7.113427734E1
1.920031742E1,-5.717459106E1,1.485488586E2,-7.112635803E1
1.921037242E1,-5.738410950E1,1.484794617E2,-7.071339417E1
1.922042742E1,-5.705928040E1,1.486011963E2,-7.096911621E1
1.923048242E1,-5.680877686E1,1.486593933E2,-7.078100586E1
1.924053742E1,-5.675174713E1,1.486934204E2,-7.124757385E1
1.925059242E1,-5.692001343E1,1.487624817E2,-7.089520264E1
1.926064742E1,-5.693508148E1,1.489004822E2,-7.104733276E1
1.927070242E1,-5.667282104E1,1.486009521E2,-7.094241333E1
1.928075742E1,-5.656055450E1,1.485706177E2,-7.090019226E1
1.929081242E1,-5.686070251E1,1.486719971E2,-7.091592407E1
1.930086742E1,-5.663887024E1,1.488396606E2,-7.084629822E1
1.931092242E1,-5.681286621E1,1.486693420E2,-7.112806702E1
1.932097742E1,-5.674134827E1,1.484924622E2,-7.118638611E1
1.933103242E1,-5.660665894E1,1.485063171E2,-7.148233032E1
1.934108742E1,-5.680855560E1,1.486667786E2,-7.134594727E1
1.935114242E1,-5.673030090E1,1.483355408E2,-7.103395081E1
1.936119742E1,-5.689078522E1,1.486727905E2,-7.093202209E1
1.937125242E1,-5.690711212E1,1.485309143E2,-7.094335938E1
1.938130742E1,-5.688063812E1,1.485305481E2,-7.145439148E1
1.939136242E1,-5.692724609E1,1.485581970E2,-7.110514832E1
1.940141742E1,-5.669522858E1,1.485840759E2,-7.115280151E1
1.941147242E1,-5.670363617E1,1.485846863E2,-7.115489197E1
1.942152742E1,-5.676539612E1,1.487122498E2,-7.135044861E1
1.943158242E1,-5.676008606E1,1.487790222E2,-7.115866089E1
1.944163742E1,-5.680505371E1,1.486177368E2,-7.162120056E1
1.945169242E1,-5.682551575E1,1.487124023E2,-7.130502319E1
1.946174742E1,-5.727365875E1,1.487664490E2,-7.106523132E1
1.947180242E1,-5.698678589E1,1.485504761E2,-7.113798523E1
1.948185742E1,-5.683879089E1,1.486077271E2,-7.096080017E1
1.949191242E1,-5.687091064E1,1.487709656E2,-7.098722839E1
1.950196742E1,-5.676251221E1,1.487649536E2,-7.145207214E1
1.951202242E1,-5.692478180E1,1.485661011E2,-7.134078979E1
1.952207742E1,-5.700103760E1,1.484784546E2,-7.118789673E1
1.953213242E1,-5.673282623E1,1.485450439E2,-7.110035706E1
1.954218742E1,-5.692964172E1,1.485212097E2,-7.094950867E1
1.955224242E1,-5.701017761E1,1.487233276E2,-7.138023376E1
1.956229742E1,-5.730630493E1,1.484255981E2,-7.131770325E1
1.957235242E1,-5.704859161E1,1.484817810E2,-7.144308472E1
1.958240742E1,-5.696186066E1,1.484492188E2,-7.138417053E1
1.959246242E1,-5.693626404E1,1.485271912E2,-7.110935974E1
1.960251742E1,-5.698797607E1,1.486494446E2,-7.108697510E1
1.961257242E1,-5.693147278E1,1.487425842E2,-7.107926941E1
1.962262742E1,-5.700894165E1,1.485561218E2,-7.114971924E1
1.963268242E1,-5.722367859E1,1.486335144E2,-7.101245117E1
1.964273742E1,-5.729915619E1,1.484467163E2,-7.104801941E1
1.965279242E1,-5.725672913E1,1.479445801E2,-7.066970825E1
1.966284742E1,-5.731664276E1,1.471125488E2,-6.992309570E1
1.967290242E1,-5.747293854E1,1.460068970E2,-6.908688354E1
1.968295742E1,-5.751674652E1,1.451800537E2,-6.824343872E1
1.969301242E1,-5.736485291E1,1.445890503E2,-6.782833862E1
1.970306742E1,-5.631011963E1,1.442226562E2,-6.757464600E1
1.971312242E1,-5.502130890E1,1.440025330E2,-6.720010376E1
1.972317742E1,-5.299258423E1,1.441086731E2,-6.717526245E1
1.973323242E1,-5.096060944E1,1.439003601E2,-6.695872498E1
1.974328742E1,-4.867519379E1,1.440877991E2,-6.706761169E1
1.975334242E1,-4.664179230E1,1.445830994E2,-6.723846436E1
1.976339742E1,-4.501738739E1,1.449092102E2,-6.772064209E1
1.977345242E1,-4.425754547E1,1.450878296E2,-6.806509399E1
1.978350742E1,-4.373018646E1,1.449236755E2,-6.788775635E1
1.979356242E1,-4.359661865E1,1.450038452E2,-6.782427979E1
1.980361742E1,-4.384664154E1,1.448986206E2,-6.776519775E1
1.981367242E1,-4.447713470E1,1.448190613E2,-6.768351746E1
1.982372742E1,-4.482189178E1,1.446221313E2,-6.753918457E1
1.983378242E1,-4.535983276E1,1.442763977E2,-6.701556396E1
1.984383742E1,-4.544995880E1,1.440541992E2,-6.709394836E1
1.985389242E1,-4.560812378E1,1.439894104E2,-6.692704773E1
1.986394742E1,-4.572424316E1,1.439615173E2,-6.667147827E1
1.987400242E1,-4.567762756E1,1.440709229E2,-6.658006287E1
1.988405742E1,-4.531005096E1,1.437581787E2,-6.646704102E1
1.989411242E1,-4.529832458E1,1.437622986E2,-6.636990356E1
1.990416788E1,-4.480091858E1,1.435890198E2,-6.675120544E1
1.991422287E1,-4.468682861E1,1.433320007E2,-6.672009277E1
1.992427787E1,-4.458053589E1,1.432214966E2,-6.646289062E1
1.993433288E1,-4.453166199E1,1.431006165E2,-6.611557007E1
1.994438788E1,-4.442426300E1,1.429601440E2,-6.614799500E1
1.995444287E1,-4.419989777E1,1.427879028E2,-6.642108154E1
1.996449787E1,-4.410968781E1,1.423212891E2,-6.613616943E1
1.997455288E1,-4.411774445E1,1.421295471E2,-6.562411499E1
1.998460787E1,-4.418836975E1,1.417246704E2,-6.535342407E1
1.999466287E1,-4.416834259E1,1.414053040E2,-6.521432495E1
2.000471788E1,-4.419471741E1,1.413208313E2,-6.517514038E1
2.001477288E1,-4.427127838E1,1.410856628E2,-6.509664917E1
2.002482787E1,-4.489071655E1,1.411016541E2,-6.495939636E1
2.003488287E1,-4.505919647E1,1.413586121E2,-6.528416443E1
2.004493788E1,-4.519291687E1,1.417118835E2,-6.495886230E1
2.005499287E1,-4.498741913E1,1.422253418E2,-6.537406921E1
2.006504787E1,-4.429137421E1,1.424923096E2,-6.585182190E1
2.007510288E1,-4.356209564E1,1.428850098E2,-6.664468384E1
2.008515788E1,-4.288607788E1,1.428816528E2,-6.700685120E1
2.009521287E1,-4.234652710E1,1.431521301E2,-6.706227112E1
2.010526787E1,-4.154080963E1,1.431843567E2,-6.691804504E1
2.011532288E1,-4.128010559E1,1.427801208E2,-6.694281006E1
2.012537787E1,-4.099154663E1,1.426293335E2,-6.723907471E1
2.013543287E1,-4.083964539E1,1.422952576E2,-6.718911743E1
2.014548788E1,-4.071604919E1,1.425912476E2,-6.684573364E1
2.015554287E1,-4.095648193E1,1.427440491E2,-6.708079529E1
2.016559787E1,-4.133378601E1,1.427796631E2,-6.717237854E1
2.017565287E1,-4.129019165E1,1.428208923E2,-6.719294739E1
2.018570788E1,-4.136844635E1,1.429115295E2,-6.701510620E1
2.019576287E1,-4.133991241E1,1.425732422E2,-6.722656250E1
2.020581787E1,-4.111192322E1,1.422228394E2,-6.703277588E1
2.021587288E1,-4.087174225E1,1.421129761E2,-6.682540894E1
2.022592787E1,-4.051127625E1,1.421185913E2,-6.690113831E1
2.023598287E1,-4.028578186E1,1.418814087E2,-6.715484619E1
2.024603788E1,-4.018228912E1,1.418799744E2,-6.673312378E1
2.025609288E1,-4.016436768E1,1.418988037E2,-6.713179016E1
2.026614787E1,-4.010501099E1,1.420593872E2,-6.723709106E1
2.027620287E1,-4.019378662E1,1.426456604E2,-6.744425964E1
2.028625788E1,-3.979839325E1,1.432002563E2,-6.790742493E1
2.029631287E1,-4.035482788E1,1.440766602E2,-6.818540955E1
2.030636787E1,-4.060015869E1,1.446754456E2,-6.894676208E1
2.031642288E1,-4.047854614E1,1.451927795E2,-6.965287781E1
2.032647788E1,-4.041910553E1,1.457149353E2,-7.018965149E1
2.033653287E1,-3.983945465E1,1.463043518E2,-7.064982605E1
2.034658787E1,-3.953876495E1,1.463231506E2,-7.080599976E1
2.035664288E1,-3.942172241E1,1.466076050E2,-7.163841248E1
2.036669787E1,-4.236381531E1,1.500656128E2,-7.135940552E1
2.037675287E1,-6.763740540E0,1.362836914E2,-4.874386597E1
2.038680788E1,2.410700226E1,1.385816650E2,-1.468785095E1
2.039686288E1,3.829916763E1,1.277874832E2,6.851715088E0
2.040691787E1,4.180032349E1,1.127514114E2,1.956614685E1
2.041697287E1,4.022864532E1,1.026806717E2,2.934590149E1
2.042702788E1,3.405326080E1,9.680271149E1,4.014571381E1
2.043708287E1,2.395701599E1,9.172811127E1,5.079566956E1
2.044713787E1,1.352487183E1,8.494008636E1,5.931369019E1
2.045719288E1,4.773002625E0,7.671956635E1,6.474841309E1
2.046724787E1,-9.977722168E-1,6.826668549E1,6.711833191E1
2.047730287E1,-4.678749084E0,6.108996582E1,6.706479645E1
2.048735787E1,-6.797325134E0,5.471317291E1,6.660414886E1
2.049741288E1,-7.865119934E0,4.979354095E1,6.563726807E1
2.050746787E1,-8.289306641E0,4.559346771E1,6.445291901E1
2.051752287E1,-8.318542480E0,4.214483643E1,6.332426453E1
2.052757788E1,-7.605682373E0,3.937046814E1,6.181851196E1
2.053763287E1,-6.611602783E0,3.683341980E1,6.058379364E1
2.054768787E1,-6.002822876E0,3.436625671E1,5.857487488E1
2.055774287E1,-5.627861023E0,3.258517456E1,5.715496826E1
2.056779788E1,-4.787734985E0,3.090308380E1,5.492294312E1
2.057785287E1,-4.090980530E0,2.954633331E1,5.266380310E1
2.058790787E1,-3.533065796E0,2.850782776E1,5.038340759E1
2.059796288E1,-1.952850342E0,2.756759644E1,4.838744354E1
2.060801787E1,-3.153228760E-1,2.696897125E1,4.624017334E1
2.061807287E1,1.387161255E0,2.658800507E1,4.509922028E1
2.062812788E1,3.401069641E0,2.645854950E1,4.466675568E1
2.063818288E1,5.174308777E0,2.637867737E1,4.424147034E1
2.064823787E1,6.371486664E0,2.615179443E1,4.434188843E1
2.065829287E1,7.520874023E0,2.621875000E1,4.430197906E1
2.066834788E1,8.142456055E0,2.640422058E1,4.400336456E1
2.067840287E1,8.719306946E0,2.650615692E1,4.436350250E1
2.068845787E1,8.908176422E0,2.689945984E1,4.435993958E1
2.069851288E1,8.840805054E0,2.702001190E1,4.457717896E1
2.070856788E1,8.906654358E0,2.736714172E1,4.473451996E1
2.071862287E1,8.748851776E0,2.764505005E1,4.507444000E1
2.072867787E1,8.778430939E0,2.773983002E1,4.501754761E1
2.073873288E1,8.727500916E0,2.791687775E1,4.509204865E1
2.074878787E1,8.871276855E0,2.790250397E1,4.503477478E1
2.075884287E1,8.934192657E0,2.785288239E1,4.501301575E1
2.076889788E1,8.894603729E0,2.800702667E1,4.519889069E1
2.077895287E1,8.927947998E0,2.788118744E1,4.515200043E1
2.078900787E1,8.936946869E0,2.801226807E1,4.507434845E1
2.079906287E1,8.939979553E0,2.827929688E1,4.523490906E1
2.080911788E1,8.786239624E0,2.837528992E1,4.452904510E1
2.081917287E1,8.454486847E0,2.844438171E1,4.451929474E1
2.082922787E1,8.295673370E0,2.845926666E1,4.472119904E1
2.083928288E1,8.217037201E0,2.833547211E1,4.466584778E1
2.084933787E1,8.379737854E0,2.861139679E1,4.483133698E1
2.085939287E1,8.347755432E0,2.880753326E1,4.470310211E1
2.086944787E1,8.122600555E0,2.901409912E1,4.413668823E1
2.087950288E1,8.060039520E0,2.902024841E1,4.489408112E1
2.088955787E1,8.264503479E0,2.914784241E1,4.454706573E1
2.089961262E1,8.219070435E0,2.902479553E1,4.476812744E1
2.090966763E1,8.384323120E0,2.904048920E1,4.473463440E1
2.091972262E1,8.336505890E0,2.901889801E1,4.428337860E1
2.092977762E1,8.278686523E0,2.905696106E1,4.404572296E1
2.093983263E1,8.277076721E0,2.906698608E1,4.442860413E1
2.094988762E1,8.148082733E0,2.913668060E1,4.437514496E1
2.095994262E1,7.885036469E0,2.942358398E1,4.420552826E1
2.096999762E1,7.854499817E0,2.957135010E1,4.415293884E1
2.098005263E1,7.944610596E0,2.966450500E1,4.401379395E1
2.099010762E1,7.896194458E0,2.979838562E1,4.407166290E1
2.100016262E1,7.802703857E0,2.985842896E1,4.394760895E1
2.101021763E1,7.876327515E0,3.006199646E1,4.399137878E1
2.102027262E1,8.148895264E0,2.999908447E1,4.366234589E1
2.103032762E1,8.336536407E0,3.009563446E1,4.370300293E1
2.104038262E1,8.226364136E0,3.018473816E1,4.377713013E1
2.105043763E1,8.241466522E0,3.022889709E1,4.402487183E1
2.106049262E1,8.374320984E0,3.003420258E1,4.402801514E1
2.107054762E1,8.396064758E0,2.997042084E1,4.378870392E1
2.108060263E1,8.274898529E0,3.004853821E1,4.385874939E1
2.109065762E1,8.236309052E0,3.035279083E1,4.364506531E1
2.110071262E1,8.469799042E0,3.026335907E1,4.385157776E1
2.111076763E1,8.424179077E0,3.043859100E1,4.357749939E1
2.112082263E1,8.327667236E0,3.055414581E1,4.357035065E1
2.113087762E1,8.327667236E0,3.055414581E1,4.357035065E1
2.114093262E1,8.390209198E0,3.037223053E1,4.353275299E1
2.115098763E1,8.783084869E0,3.034832764E1,4.362458038E1
2.116104262E1,8.508102417E0,3.016847229E1,4.324968719E1
2.117109762E1,8.459838867E0,3.030633545E1,4.375689697E1
2.118115263E1,8.561416626E0,3.036385345E1,4.353424072E1
2.119120763E1,8.688049316E0,3.022663879E1,4.368952179E1
2.120126262E1,8.581024170E0,3.030812836E1,4.372401428E1
2.121131762E1,8.865818024E0,3.041475677E1,4.377317810E1
2.122137263E1,9.127597809E0,3.059837341E1,4.345330811E1
2.123142762E1,9.079776764E0,3.070684814E1,4.337448120E1
2.124148262E1,9.003345490E0,3.066578674E1,4.345759583E1
2.125153763E1,8.880741119E0,3.069404602E1,4.341799164E1
2.126159263E1,9.015228271E0,3.063846588E1,4.327988434E1
2.127164762E1,9.163681030E0,3.057204437E1,4.333100891E1
2.128170262E1,9.033798218E0,3.027290344E1,4.329103088E1
2.129175763E1,9.290557861E0,2.985107422E1,4.317954254E1
2.130181262E1,9.227729797E0,3.002167511E1,4.307592010E1
2.131186762E1,9.210754395E0,3.021620178E1,4.315897369E1
2.132192263E1,9.231151581E0,2.997795105E1,4.354386902E1
2.133197762E1,9.301219940E0,3.002093506E1,4.343824768E1
2.134203262E1,9.503139496E0,2.991383362E1,4.352519226E1
2.135208762E1,9.327617645E0,3.010916138E1,4.350760651E1
2.136214263E1,9.335266113E0,3.009223938E1,4.338785553E1
2.137219762E1,9.367813110E0,3.009516907E1,4.378030396E1
2.138225262E1,9.348289490E0,3.036233521E1,4.383851624E1
2.139230763E1,9.456935883E0,3.028191376E1,4.370774078E1
2.140236262E1,9.497520447E0,3.018039703E1,4.363220978E1
2.141241762E1,9.315933228E0,2.992218781E1,4.376459503E1
2.142247263E1,9.661769867E0,2.955923462E1,4.396266937E1
2.143252763E1,9.736423492E0,2.938994598E1,4.405488586E1
2.144258162E1,9.607246399E0,2.965676880E1,4.376922607E1
2.145263762E1,9.755039215E0,2.996156311E1,4.366226959E1
2.146269263E1,9.733757019E0,3.013416290E1,4.360250854E1
2.147274762E1,1.012750626E1,3.018209839E1,4.338483429E1
2.148280262E1,1.070349121E1,3.017393494E1,4.340805817E1
2.149285663E1,1.123008347E1,3.029699707E1,4.299142456E1
2.150291263E1,1.127315521E1,3.049416351E1,4.320701599E1
2.151296762E1,1.099327087E1,3.070853424E1,4.308657074E1
2.152302163E1,1.091211700E1,3.092826080E1,4.271543121E1
2.153307662E1,1.067651749E1,3.093246460E1,4.270191193E1
2.154313262E1,1.054293060E1,3.159490967E1,4.241416168E1
2.155318663E1,1.031007004E1,3.179261780E1,4.222810364E1
2.156324163E1,1.016430664E1,3.173486328E1,4.231159973E1
2.157329662E1,1.013249207E1,3.207265472E1,4.216521454E1
2.158335162E1,1.007899857E1,3.199513245E1,4.203125000E1
2.159340663E1,1.005065155E1,3.180400848E1,4.190202332E1
2.160346162E1,1.004235458E1,3.158636475E1,4.224543762E1
2.161351662E1,1.021809006E1,3.129802704E1,4.219625854E1
2.162357163E1,1.043303299E1,3.121450043E1,4.215674591E1
2.163362663E1,1.083961105E1,3.115657043E1,4.222676849E1
2.164368162E1,1.082525253E1,3.113088226E1,4.241680908E1
2.165373662E1,1.103868866E1,3.104233551E1,4.246660614E1
2.166379163E1,1.145005798E1,3.096515656E1,4.294182587E1
2.167384662E1,1.167358017E1,3.080806732E1,4.251902008E1
2.168390162E1,1.178266144E1,3.078614044E1,4.256938934E1
2.169395663E1,1.224156952E1,3.036617279E1,4.253438568E1
2.170401162E1,1.254637527E1,3.049808502E1,4.284233856E1
2.171406662E1,1.261325073E1,2.976361084E1,4.299707794E1
2.172412162E1,1.264009857E1,2.968930817E1,4.292532349E1
2.173417663E1,1.241275024E1,2.941953278E1,4.347600555E1
2.174423162E1,1.245601654E1,2.927121735E1,4.401699829E1
2.175428662E1,1.219145584E1,2.904978943E1,4.420858765E1
2.176434163E1,1.229755020E1,2.917168427E1,4.407360077E1
2.177439662E1,1.241974640E1,2.896029663E1,4.403681946E1
2.178445162E1,1.261930084E1,2.867610168E1,4.381681824E1
2.179450663E1,1.333581543E1,2.844226837E1,4.413356018E1
2.180456163E1,1.362155914E1,2.779384613E1,4.447522736E1
2.181461662E1,1.365468979E1,2.750428772E1,4.427735138E1
2.182467162E1,1.335733414E1,2.710829163E1,4.491780853E1
2.183472663E1,1.254720688E1,2.695391083E1,4.532823181E1
2.184478162E1,1.155194855E1,2.648023224E1,4.561145020E1
2.185483662E1,1.078862762E1,2.658024597E1,4.582409668E1
2.186489163E1,1.063331604E1,2.628806305E1,4.571633148E1
2.187494663E1,1.036726761E1,2.628089142E1,4.580925751E1
2.188500162E1,1.011599350E1,2.650849915E1,4.569128418E1
2.189505662E1,9.795738220E0,2.659890747E1,4.562638092E1
2.190511117E1,9.224624634E0,2.696718597E1,4.569445038E1
2.191516617E1,8.559616089E0,2.732147217E1,4.545254517E1
2.192522117E1,8.366626740E0,2.765537262E1,4.508964539E1
2.193527617E1,7.960586548E0,2.748992920E1,4.539332581E1
2.194533117E1,7.769660950E0,2.773603821E1,4.528108978E1
2.195538617E1,7.488059998E0,2.788502502E1,4.492156982E1
2.196544117E1,6.966690063E0,2.809593964E1,4.518649292E1
2.197549617E1,6.802585602E0,2.802282715E1,4.514565277E1
2.198555117E1,6.552143097E0,2.833117676E1,4.500862122E1
2.199560617E1,5.942958832E0,2.856143188E1,4.494199371E1
2.200566117E1,5.455383301E0,2.882183838E1,4.481229401E1
2.201571617E1,5.061103821E0,2.919583893E1,4.441390991E1
2.202577117E1,4.688529968E0,2.924322510E1,4.433477783E1
2.203582617E1,4.767715454E0,2.980043793E1,4.390252686E1
2.204588117E1,4.366851807E0,3.034190369E1,4.385493469E1
2.205593617E1,4.159660339E0,3.068190002E1,4.345462036E1
2.206599117E1,3.947540283E0,3.114130402E1,4.325109100E1
2.207604617E1,3.682167053E0,3.151468658E1,4.273553467E1
2.208610117E1,3.541404724E0,3.198018646E1,4.230240631E1
2.209615617E1,3.419319153E0,3.230197144E1,4.226766968E1
2.210621117E1,3.391254425E0,3.254833221E1,4.213182068E1
2.211626617E1,3.240573883E0,3.295825958E1,4.168726349E1
2.212632117E1,3.234386444E0,3.326071167E1,4.128631592E1
2.213637617E1,3.142002106E0,3.359564209E1,4.127044678E1
2.214643117E1,3.166130066E0,3.391485596E1,4.075033569E1
2.215648617E1,3.050880432E0,3.420602417E1,4.055529785E1
2.216654117E1,2.980888367E0,3.431647491E1,4.022081757E1
2.217659617E1,3.235767365E0,3.456414795E1,3.987333679E1
2.218665117E1,3.014743805E0,3.494908142E1,3.977617645E1
2.219670617E1,2.631244659E0,3.488736725E1,3.968273926E1
2.220676117E1,2.279022217E0,3.486993408E1,3.999000549E1
2.221681617E1,2.438762665E0,3.459503174E1,3.974040985E1
2.222687117E1,2.190246582E0,3.466814423E1,3.944391632E1
2.223692617E1,2.213851929E0,3.462022400E1,3.975846863E1
2.224698117E1,2.093761444E0,3.456787872E1,3.971410370E1
2.225703617E1,1.383270264E0,3.428320312E1,4.013460541E1
2.226709117E1,3.076477051E-1,3.463890839E1,3.997438812E1
2.227714617E1,-6.569824219E-1,3.465924835E1,3.959720612E1
2.228720117E1,-1.784523010E0,3.477692413E1,3.943701935E1
2.229725617E1,-2.471870422E0,3.513945770E1,3.896945190E1
2.230731117E1,-2.744750977E0,3.527351379E1,3.894725800E1
2.231736617E1,-2.860282898E0,3.526549530E1,3.906700134E1
2.232742117E1,-3.012123108E0,3.511284637E1,3.904631805E1
2.233747617E1,-3.021697998E0,3.508961487E1,3.917987061E1
2.234753117E1,-3.184089661E0,3.523558044E1,3.875054169E1
2.235758617E1,-3.082298279E0,3.513294220E1,3.871395874E1
2.236764117E1,-3.021476746E0,3.543934631E1,3.837158966E1
2.237769617E1,-2.950927734E0,3.531257629E1,3.853854370E1
2.238775117E1,-2.943870544E0,3.516851044E1,3.865069580E1
2.239780617E1,-2.953887939E0,3.549082947E1,3.846652222E1
2.240786117E1,-3.000373840E0,3.560813904E1,3.848367310E1
2.241791617E1,-3.035194397E0,3.540938568E1,3.834747314E1
2.242797117E1,-3.038902283E0,3.562456512E1,3.836373901E1
2.243802617E1,-3.103096008E0,3.577938843E1,3.834356689E1
2.244808117E1,-2.948249817E0,3.576468658E1,3.813592529E1
2.245813617E1,-3.011123657E0,3.556133270E1,3.844293976E1
2.246819117E1,-2.784568787E0,3.560620117E1,3.825223541E1
2.247824617E1,-2.711387634E0,3.588300323E1,3.817218018E1
2.248830117E1,-2.860565186E0,3.553468323E1,3.817871094E1
2.249835617E1,-2.941696167E0,3.544393158E1,3.837358093E1
2.250841117E1,-2.755035400E0,3.528456116E1,3.824672699E1
2.251846617E1,-3.067489624E0,3.552001190E1,3.844515228E1
2.252852117E1,-3.090629578E0,3.553866577E1,3.829887390E1
2.253857617E1,-3.127845764E0,3.547968292E1,3.883032227E1
2.254863117E1,-3.010673523E0,3.550296783E1,3.806150818E1
2.255868617E1,-2.983711243E0,3.565384674E1,3.822893524E1
2.256874117E1,-2.938301086E0,3.566606903E1,3.852993011E1
2.257879617E1,-2.762947083E0,3.560465240E1,3.890216827E1
2.258885117E1,-3.007553101E0,3.549923706E1,3.855136871E1
2.259890617E1,-2.979187012E0,3.552496338E1,3.848090363E1
2.260896117E1,-2.999023438E0,3.563967133E1,3.844245148E1
2.261901617E1,-2.834129333E0,3.563294983E1,3.862387085E1
2.262907117E1,-2.793197632E0,3.567961884E1,3.859465790E1
2.263912617E1,-2.939956665E0,3.561611938E1,3.873596191E1
2.264918117E1,-3.050834656E0,3.560326385E1,3.879801178E1
2.265923617E1,-2.969596863E0,3.560302734E1,3.864035034E1
2.266929117E1,-3.032234192E0,3.546580505E1,3.893148804E1
2.267934617E1,-3.004005432E0,3.546209717E1,3.855623627E1
2.268940117E1,-2.952186584E0,3.527850342E1,3.843759918E1
2.269945617E1,-2.883895874E0,3.514740753E1,3.827707672E1
2.270951117E1,-2.700302124E0,3.556761932E1,3.857615662E1
2.271956617E1,-2.528762817E0,3.540286255E1,3.822190094E1
2.272962117E1,-2.881202698E0,3.537575531E1,3.818117523E1
2.273967617E1,-2.701332092E0,3.571430206E1,3.868160248E1
2.274973117E1,-2.776084900E0,3.596654510E1,3.798641205E1
2.275978617E1,-2.766105652E0,3.575789642E1,3.851063538E1
2.276984117E1,-2.863494873E0,3.577388000E1,3.824588776E1
2.277989617E1,-2.758605957E0,3.570742798E1,3.820796204E1
2.278995117E1,-2.648239136E0,3.564175415E1,3.818469238E1
2.280000617E1,-2.845672607E0,3.576228333E1,3.821206665E1
2.281006117E1,-2.972740173E0,3.570869446E1,3.833030701E1
2.282011617E1,-3.081474304E0,3.577603149E1,3.825469208E1
2.283017117E1,-2.893890381E0,3.590638733E1,3.844766235E1
2.284022617E1,-3.228233337E0,3.588528442E1,3.821261597E1
2.285028117E1,-3.175178528E0,3.602068329E1,3.818487549E1
2.286033617E1,-3.122795105E0,3.599655914E1,3.840122223E1
2.287039117E1,-3.187583923E0,3.593924713E1,3.883875275E1
2.288044617E1,-2.983741760E0,3.571209717E1,3.847918701E1
2.289050117E1,-3.194831848E0,3.580391693E1,3.819646454E1
2.290055617E1,-3.131980896E0,3.567296600E1,3.821897125E1
2.291061142E1,-3.078964233E0,3.569939423E1,3.835949707E1
2.292066642E1,-3.336235046E0,3.600154114E1,3.845848083E1
2.293072142E1,-3.180122375E0,3.585227203E1,3.802474213E1
2.294077642E1,-3.043769836E0,3.563214111E1,3.863676453E1
2.295083142E1,-3.000511169E0,3.575163269E1,3.856729889E1
2.296088642E1,-3.306060791E0,3.576224518E1,3.856500244E1
2.297094142E1,-3.078170776E0,3.584153748E1,3.848460388E1
2.298099642E1,-3.367233276E0,3.594084930E1,3.837173462E1
2.299105142E1,-3.031288147E0,3.588766479E1,3.800419617E1
2.300110642E1,-3.064491272E0,3.586704254E1,3.814874268E1
2.301116142E1,-2.803894043E0,3.568477631E1,3.837873077E1
2.302121642E1,-3.095108032E0,3.569962311E1,3.861363983E1
2.303127142E1,-3.170227051E0,3.581844330E1,3.858937073E1
2.304132642E1,-3.037986755E0,3.583189392E1,3.839881134E1
2.305138142E1,-3.089126587E0,3.570668030E1,3.841588593E1
2.306143642E1,-3.082527161E0,3.574203491E1,3.836883545E1
2.307149142E1,-2.976425171E0,3.550126648E1,3.855257416E1
2.308154642E1,-2.939132690E0,3.574167633E1,3.842515564E1
2.309160142E1,-2.909416199E0,3.571733093E1,3.822737885E1
2.310165642E1,-3.050354004E0,3.578342438E1,3.832676697E1
2.311171142E1,-3.101509094E0,3.592504120E1,3.821315002E1
2.312176642E1,-2.872909546E0,3.591934204E1,3.842911530E1
2.313182142E1,-3.054618835E0,3.580179596E1,3.816784668E1
2.314187642E1,-3.010711670E0,3.573150635E1,3.838507843E1
2.315193142E1,-2.871200562E0,3.581240845E1,3.850305176E1
2.316198642E1,-3.000732422E0,3.571739960E1,3.883000946E1
2.317204142E1,-2.846176147E0,3.574940491E1,3.850579834E1
2.318209642E1,-3.012519836E0,3.593311310E1,3.830292511E1
2.319215142E1,-2.967262268E0,3.581774139E1,3.821878815E1
2.320220642E1,-2.901100159E0,3.548135376E1,3.871314240E1
2.321226142E1,-2.734741211E0,3.562334442E1,3.834341431E1
2.322231642E1,-3.037368774E0,3.564044189E1,3.830725098E1
2.323237142E1,-3.106178284E0,3.567556763E1,3.815665436E1
2.324242642E1,-3.016708374E0,3.563321686E1,3.823986053E1
2.325248142E1,-2.922729492E0,3.584183502E1,3.800859070E1
2.326253642E1,-2.907516479E0,3.568064880E1,3.802257538E1
2.327259142E1,-2.876304626E0,3.566239929E1,3.808852386E1
2.328264642E1,-3.055709839E0,3.588953400E1,3.820198822E1
2.329270142E1,-2.961692810E0,3.567895508E1,3.850493622E1
2.330275642E1,-3.018714905E0,3.565002441E1,3.829380798E1
2.331281142E1,-3.169090271E0,3.582805634E1,3.815520477E1
2.332286642E1,-2.980102539E0,3.577169800E1,3.808100128E1
2.333292142E1,-2.913497925E0,3.565398407E1,3.810112762E1
2.334297642E1,-3.043273926E0,3.573281860E1,3.812424469E1
2.335303142E1,-2.842773438E0,3.586332703E1,3.858597565E1
2.336308642E1,-2.956199646E0,3.582925415E1,3.845594025E1
2.337314142E1,-2.934402466E0,3.574726868E1,3.815830994E1
2.338319642E1,-2.994300842E0,3.580026245E1,3.817237854E1
2.339325142E1,-2.981246948E0,3.568589783E1,3.836238098E1
2.340330642E1,-2.925636292E0,3.549712372E1,3.813097382E1
2.341336142E1,-2.970619202E0,3.566928101E1,3.798278046E1
2.342341642E1,-3.023559570E0,3.569214630E1,3.802411652E1
2.343347142E1,-2.906066895E0,3.575678253E1,3.806650543E1
2.344352642E1,-2.979721069E0,3.575513458E1,3.796868896E1
2.345358042E1,-3.044731140E0,3.582205200E1,3.799780273E1
2.346363542E1,-3.097747803E0,3.601580811E1,3.797187805E1
2.347369042E1,-3.193878174E0,3.598477936E1,3.813619995E1
2.348374542E1,-2.796577454E0,3.572344971E1,3.817070770E1
2.349380042E1,-2.924713135E0,3.566674805E1,3.803231812E1
2.350385542E1,-3.131851196E0,3.562304688E1,3.829244995E1
2.351391042E1,-3.083183289E0,3.568108368E1,3.841129303E1
2.352396542E1,-2.896705627E0,3.571476746E1,3.847290802E1
2.353402042E1,-2.986442566E0,3.563335419E1,3.878951263E1
2.354407542E1,-2.998001099E0,3.583635712E1,3.888949585E1
2.355413042E1,-2.840293884E0,3.603224182E1,3.870883942E1
2.356418542E1,-3.082336426E0,3.584605408E1,3.863073730E1
2.357424042E1,-3.095626831E0,3.578866577E1,3.873491669E1
2.358429542E1,-3.163040161E0,3.573992157E1,3.879726410E1
2.359435042E1,-3.130973816E0,3.582784271E1,3.828516388E1
2.360440542E1,-3.010627747E0,3.567366791E1,3.849000549E1
2.361446042E1,-3.130088806E0,3.600648499E1,3.825051880E1
2.362451542E1,-2.980789185E0,3.582899475E1,3.862812805E1
2.363457042E1,-3.006034851E0,3.582836914E1,3.886549377E1
2.364462542E1,-2.912811279E0,3.570439911E1,3.850860596E1
2.365468042E1,-3.010643005E0,3.552983856E1,3.863403320E1
2.366473542E1,-3.084503174E0,3.549266052E1,3.855637360E1
2.367479042E1,-2.947105408E0,3.561215210E1,3.834399414E1
2.368484542E1,-3.079551697E0,3.562245178E1,3.867848206E1
2.369490042E1,-2.975654602E0,3.552327728E1,3.822005463E1
2.370495542E1,-3.166793823E0,3.559987640E1,3.869937134E1
2.371501042E1,-3.175949097E0,3.550535583E1,3.861048126E1
2.372506542E1,-3.015304565E0,3.559906769E1,3.833329773E1
2.373512042E1,-3.101921082E0,3.548033142E1,3.854621124E1
2.374517542E1,-3.026893616E0,3.565111542E1,3.844511414E1
2.375523042E1,-3.051223755E0,3.579850006E1,3.847870636E1
2.376528542E1,-3.115051270E0,3.555792236E1,3.869302368E1
2.377534042E1,-2.893592834E0,3.564262390E1,3.848741913E1
2.378539542E1,-2.956565857E0,3.570791626E1,3.822676086E1
2.379545042E1,-2.991180420E0,3.574576569E1,3.838389587E1
2.380550542E1,-2.981285095E0,3.551365662E1,3.848467255E1
2.381556042E1,-3.170150757E0,3.549069214E1,3.866781616E1
2.382561542E1,-3.180152893E0,3.544570160E1,3.851466370E1
2.383567042E1,-3.095993042E0,3.556146240E1,3.867554474E1
2.384572542E1,-3.196586609E0,3.536531067E1,3.835017395E1
2.385578042E1,-3.199531555E0,3.517937469E1,3.843349457E1
2.386583542E1,-3.574844360E0,3.536511993E1,3.840679932E1
2.387589042E1,-3.495246887E0,3.538255310E1,3.833558655E1
2.388594542E1,-3.141860962E0,3.530786896E1,3.839859009E1
2.389600042E1,-3.068283081E0,3.560631561E1,3.852734375E1
2.390605550E1,-3.083198547E0,3.546711731E1,3.858055878E1
2.391611050E1,-3.043388367E0,3.550784302E1,3.854274750E1
2.392616550E1,-3.040908813E0,3.538356018E1,3.848723602E1
2.393622050E1,-3.131034851E0,3.549654388E1,3.868912506E1
2.394627550E1,-3.084350586E0,3.546839142E1,3.865256500E1
2.395633050E1,-3.171913147E0,3.532293701E1,3.868352509E1
2.396638550E1,-3.334663391E0,3.557424164E1,3.835368347E1
2.397644050E1,-3.040718079E0,3.561952209E1,3.889138031E1
2.398649550E1,-3.246803284E0,3.559283447E1,3.839549255E1
2.399655050E1,-3.093040466E0,3.544496155E1,3.860890198E1
2.400660550E1,-3.265396118E0,3.564769745E1,3.862467194E1
2.401666050E1,-3.362579346E0,3.555958557E1,3.861708832E1
2.402671550E1,-3.289306641E0,3.569138336E1,3.853360748E1
2.403677050E1,-3.290458679E0,3.543160248E1,3.858367157E1
2.404682550E1,-3.351219177E0,3.535533142E1,3.852848816E1
2.405688050E1,-3.244659424E0,3.537850189E1,3.883473969E1
2.406693550E1,-3.306732178E0,3.550748444E1,3.888119507E1
2.407699050E1,-3.425102234E0,3.555802917E1,3.837859344E1
2.408704550E1,-3.394462585E0,3.564092255E1,3.825189972E1
2.409710050E1,-3.341560364E0,3.566507721E1,3.877777100E1
2.410715550E1,-3.411987305E0,3.565579987E1,3.847911072E1
2.411721050E1,-3.108459473E0,3.577610779E1,3.841252136E1
2.412726550E1,-3.182533264E0,3.569731903E1,3.848013306E1
2.413732050E1,-3.210304260E0,3.582659912E1,3.866687012E1
2.414737550E1,-3.180435181E0,3.589915466E1,3.835120392E1
2.415743050E1,-3.018676758E0,3.581047821E1,3.815886688E1
2.416748550E1,-3.057960510E0,3.575701141E1,3.818607330E1
2.417754050E1,-3.029296875E0,3.570764923E1,3.799038696E1
2.418759550E1,-2.961860657E0,3.565166473E1,3.838673401E1
2.419765050E1,-3.021667480E0,3.581681061E1,3.825481415E1
2.420770550E1,-3.314476013E0,3.572858429E1,3.833294678E1
2.421776050E1,-3.409393311E0,3.572937012E1,3.849550629E1
2.422781550E1,-3.521911621E0,3.548480225E1,3.844395447E1
2.423787050E1,-3.220252991E0,3.558758545E1,3.840130615E1
2.424792550E1,-3.250335693E0,3.577954865E1,3.851573944E1
2.425798050E1,-3.160850525E0,3.577303314E1,3.846405029E1
2.426803550E1,-3.031379700E0,3.551799011E1,3.860157013E1
2.427809050E1,-3.255516052E0,3.568003082E1,3.866714478E1
2.428814550E1,-3.331886292E0,3.560411835E1,3.881888580E1
2.429820050E1,-3.281387329E0,3.572552490E1,3.864051056E1
2.430825550E1,-3.179153442E0,3.582603455E1,3.840024567E1
2.431831050E1,-3.096046448E0,3.575808716E1,3.812412262E1
2.432836550E1,-3.164741516E0,3.577145386E1,3.841627502E1
2.433842050E1,-3.044929504E0,3.572486115E1,3.849754333E1
2.434847550E1,-2.870521545E0,3.581978607E1,3.850674438E1
2.435853050E1,-2.847763062E0,3.583440399E1,3.815358734E1
2.436858550E1,-2.991020203E0,3.583539581E1,3.823403168E1
2.437864050E1,-2.895820618E0,3.595357513E1,3.803198242E1
2.438869550E1,-3.016288757E0,3.581441498E1,3.849696350E1
2.439875050E1,-3.048301697E0,3.584484863E1,3.828816223E1
2.440880550E1,-2.960189819E0,3.580195618E1,3.855126190E1
2.441886050E1,-2.971603394E0,3.590653992E1,3.823297882E1
2.442891550E1,-3.006210327E0,3.597084045E1,3.850255585E1
2.443897050E1,-3.046951294E0,3.604527283E1,3.799925995E1
2.444902550E1,-3.029830933E0,3.582721710E1,3.812152100E1
2.445908050E1,-3.040939331E0,3.575962830E1,3.831431580E1
2.446913550E1,-2.981369019E0,3.579584503E1,3.831175232E1
2.447919050E1,-3.028938293E0,3.565748596E1,3.876361847E1
2.448924550E1,-2.841239929E0,3.559607697E1,3.884950256E1
2.449930050E1,-2.957954407E0,3.559380341E1,3.874024200E1
2.450935550E1,-3.188072205E0,3.578496552E1,3.904630280E1
2.451941050E1,-3.452056885E0,3.576013947E1,3.866623688E1
2.452946550E1,-3.228843689E0,3.567291260E1,3.825997925E1
2.453952050E1,-3.284179688E0,3.583309174E1,3.862915802E1
2.454957550E1,-3.220184326E0,3.570369720E1,3.853005981E1
2.455963050E1,-3.296295166E0,3.574317932E1,3.841358948E1
2.456968550E1,-3.177101135E0,3.580760193E1,3.848875427E1
2.457974050E1,-3.140884399E0,3.584352875E1,3.838790131E1
2.458979550E1,-3.056343079E0,3.572980499E1,3.849950409E1
2.459985050E1,-3.340270996E0,3.597335052E1,3.842303467E1
2.460990550E1,-3.127204895E0,3.571444702E1,3.809824371E1
2.461996050E1,-3.020500183E0,3.589169312E1,3.842881012E1
2.463001550E1,-3.050201416E0,3.580417633E1,3.850890350E1
2.464007050E1,-3.311523438E0,3.547804260E1,3.869372559E1
2.465012550E1,-3.403526306E0,3.537006378E1,3.851862335E1
2.466018050E1,-3.557525635E0,3.553104401E1,3.859906769E1
2.467023550E1,-3.193077087E0,3.554454803E1,3.808429718E1
2.468029050E1,-3.100585938E0,3.547336578E1,3.836628723E1
2.469034550E1,-3.129997253E0,3.537596130E1,3.823862457E1
2.470040050E1,-3.138832092E0,3.542159271E1,3.824002838E1
2.471045550E1,-3.286743164E0,3.564513397E1,3.786097717E1
2.472051050E1,-3.295631409E0,3.555029297E1,3.823788452E1
2.473056550E1,-3.187713623E0,3.558339691E1,3.842707825E1
2.474062050E1,-3.252212524E0,3.552549744E1,3.837563324E1
2.475067550E1,-3.298217773E0,3.541796112E1,3.865161896E1
2.476073050E1,-3.084136963E0,3.561582184E1,3.860403442E1
2.477078550E1,-3.019912720E0,3.568276978E1,3.843534851E1
2.478084050E1,-3.116546631E0,3.538625336E1,3.888540649E1
2.479089550E1,-3.171363831E0,3.561621094E1,3.896092224E1
2.480095050E1,-3.126487732E0,3.563340759E1,3.854185486E1
2.481100550E1,-3.164878845E0,3.543629456E1,3.880341339E1
2.482106050E1,-3.375953674E0,3.569933319E1,3.838349915E1
2.483111550E1,-3.406562805E0,3.551547241E1,3.808410645E1
2.484117050E1,-3.317382812E0,3.568073273E1,3.811701965E1
2.485122550E1,-3.187500000E0,3.579405975E1,3.807681274E1
2.486128050E1,-3.325126648E0,3.582414246E1,3.858939362E1
2.487133550E1,-3.298194885E0,3.565818024E1,3.831672668E1
2.488139050E1,-3.155220032E0,3.566740417E1,3.828722382E1
2.489144550E1,-3.060684204E0,3.556905365E1,3.851066589E1
2.490150050E1,-3.061531067E0,3.556974030E1,3.814257812E1
2.491155592E1,-3.136062622E0,3.564636993E1,3.839973450E1
2.492161092E1,-3.013893127E0,3.570043945E1,3.850924683E1
2.493166592E1,-3.048309326E0,3.572037506E1,3.857620239E1
2.494172092E1,-3.209640503E0,3.559486389E1,3.838637543E1
2.495177592E1,-3.251541138E0,3.578401947E1,3.818923950E1
2.496183092E1,-3.012931824E0,3.571830750E1,3.823647308E1
2.497188592E1,-2.960105896E0,3.563600922E1,3.841687775E1
2.498194092E1,-2.839157104E0,3.539025879E1,3.857617950E1
2.499199592E1,-2.848388672E0,3.554006195E1,3.834007263E1
2.500205092E1,-3.092498779E0,3.576584625E1,3.811439514E1
2.501210492E1,-3.048919678E0,3.565059662E1,3.848329926E1
2.502216092E1,-3.049644470E0,3.557252502E1,3.842508698E1
2.503221492E1,-3.093307495E0,3.561232758E1,3.843540955E1
2.504227092E1,-3.304725647E0,3.546405792E1,3.862570953E1
2.505232492E1,-3.468490601E0,3.541603088E1,3.877587891E1
2.506237992E1,-3.550827026E0,3.566513062E1,3.827521515E1
2.507243492E1,-3.351341248E0,3.546041870E1,3.819545746E1
2.508248992E1,-3.597793579E0,3.566088867E1,3.815499878E1
2.509254492E1,-3.522666931E0,3.554623413E1,3.836189270E1
2.510259992E1,-3.753211975E0,3.567546082E1,3.846340179E1
2.511265492E1,-4.176841736E0,3.556466675E1,3.837459564E1
2.512270992E1,-3.717018127E0,3.560154724E1,3.812427521E1
2.513276492E1,-3.789154053E0,3.555171204E1,3.817610168E1
2.514281992E1,-3.589057922E0,3.574509430E1,3.814749908E1
2.515287492E1,-3.914428711E0,3.555560303E1,3.788385773E1
2.516292992E1,-3.824050903E0,3.550318146E1,3.833783722E1
2.517298492E1,-3.735023499E0,3.558743286E1,3.833313751E1
2.518303992E1,-4.079681396E0,3.553423309E1,3.845747375E1
2.519309492E1,-3.881332397E0,3.562395477E1,3.842747498E1
2.520314992E1,-3.813087463E0,3.540666199E1,3.889523315E1
2.521320492E1,-3.886566162E0,3.555880737E1,3.880252075E1
2.522325992E1,-3.974861145E0,3.528222656E1,3.902359009E1
2.523331492E1,-3.917663574E0,3.515333557E1,3.905734253E1
2.524336992E1,-4.025886536E0,3.502008057E1,3.916483307E1
2.525342492E1,-4.117111206E0,3.497477722E1,3.915427399E1
2.526347992E1,-4.347839355E0,3.479347992E1,3.905783844E1
2.527353492E1,-4.446937561E0,3.505896759E1,3.877729034E1
2.528358992E1,-4.714042664E0,3.524127197E1,3.902203369E1
2.529364492E1,-5.010971069E0,3.521592712E1,3.847943115E1
2.530369992E1,-4.979179382E0,3.523382568E1,3.835388947E1
2.531375492E1,-5.214111328E0,3.533173370E1,3.779807281E1
2.532380992E1,-5.004226685E0,3.557806396E1,3.794954681E1
2.533386492E1,-4.919700623E0,3.581835938E1,3.784072876E1
2.534391992E1,-4.972160339E0,3.630008698E1,3.760394287E1
2.535397492E1,-4.804634094E0,3.616669464E1,3.750658417E1
2.536402992E1,-4.796958923E0,3.635377502E1,3.757077789E1
2.537408492E1,-4.427474976E0,3.642035675E1,3.766049194E1
2.538413992E1,-3.862754822E0,3.669800568E1,3.779000092E1
2.539419492E1,-3.276786804E0,3.625509644E1,3.807479095E1
2.540424992E1,-2.836410522E0,3.610311127E1,3.832714081E1
2.541430492E1,-2.363990784E0,3.595785522E1,3.873229218E1
2.542435992E1,-1.520378113E0,3.565216827E1,3.911876678E1
2.543441492E1,-1.047439575E0,3.544593048E1,3.906274414E1
2.544446992E1,-8.221969604E-1,3.560602570E1,3.935519409E1
2.545452492E1,-4.619674683E-1,3.516673279E1,3.959820557E1
2.546457992E1,1.032638550E-1,3.492085266E1,3.991799164E1
2.547463492E1,6.196327209E-1,3.469547272E1,4.013343811E1
2.548468992E1,8.326301575E-1,3.440245819E1,4.083162689E1
2.549474492E1,1.318656921E0,3.413033295E1,4.119876862E1
2.550479992E1,1.873538971E0,3.387036133E1,4.140035248E1
2.551485492E1,2.064060211E0,3.363293457E1,4.157738495E1
2.552490992E1,2.727111816E0,3.347911072E1,4.193961334E1
2.553496492E1,3.017536163E0,3.331116486E1,4.253961945E1
2.554501992E1,3.445728302E0,3.310119629E1,4.254746246E1
2.555507492E1,3.547172546E0,3.279324341E1,4.283483887E1
2.556512992E1,3.768733978E0,3.267119598E1,4.237400055E1
2.557518492E1,3.799480438E0,3.271018982E1,4.244990540E1
2.558523992E1,3.754875183E0,3.268719482E1,4.290343475E1
2.559529492E1,3.777973175E0,3.256286621E1,4.260826111E1
2.560534992E1,4.004123688E0,3.248424530E1,4.232406616E1
2.561540492E1,4.216255188E0,3.228221130E1,4.250963593E1
2.562545992E1,4.247104645E0,3.213774109E1,4.312670135E1
2.563551492E1,4.359466553E0,3.206456757E1,4.271891022E1
2.564556992E1,4.513626099E0,3.203501892E1,4.291153717E1
2.565562492E1,5.001239777E0,3.193009186E1,4.285696411E1
2.566567992E1,5.036533356E0,3.179913330E1,4.293364716E1
2.567573492E1,4.900806427E0,3.168605804E1,4.282272339E1
2.568578992E1,4.762668610E0,3.197564697E1,4.272878265E1
2.569584492E1,4.628002167E0,3.209513092E1,4.262596893E1
2.570589992E1,4.707946777E0,3.223824310E1,4.250103760E1
2.571595492E1,4.814819336E0,3.217949677E1,4.229068756E1
2.572600992E1,4.527580261E0,3.223210907E1,4.245754242E1
2.573606492E1,4.342708588E0,3.245880127E1,4.268202209E1
2.574611992E1,4.140411377E0,3.227524567E1,4.272036743E1
2.575617492E1,4.169757843E0,3.248227692E1,4.319946289E1
2.576622992E1,4.140319824E0,3.227051544E1,4.299217987E1
2.577628492E1,4.273990631E0,3.220642853E1,4.282993317E1
2.578633992E1,4.483470917E0,3.212655640E1,4.305410004E1
2.579639492E1,4.069740295E0,3.196881866E1,4.302795410E1
2.580644992E1,4.032482147E0,3.208055115E1,4.294347382E1
2.581650492E1,3.588527679E0,3.204083252E1,4.285112762E1
2.582655992E1,2.807323456E0,3.180110168E1,4.314082336E1
2.583661492E1,2.397750854E0,3.194720459E1,4.349989319E1
2.584666992E1,2.055408478E0,3.185525513E1,4.348504639E1
2.585672492E1,2.123233795E0,3.195133972E1,4.296487427E1
2.586677992E1,2.466411591E0,3.158359528E1,4.320580292E1
2.587683492E1,2.094608307E0,3.145063019E1,4.317363739E1
2.588688992E1,2.302288055E0,3.168901062E1,4.310759735E1
2.589694492E1,2.285366058E0,3.164094543E1,4.283084106E1
2.590700029E1,2.546855927E0,3.181879425E1,4.272742462E1
2.591705529E1,3.162734985E0,3.180926514E1,4.268334961E1
2.592711029E1,3.853820801E0,3.202423859E1,4.283292389E1
2.593716529E1,4.293807983E0,3.184486389E1,4.307345581E1
2.594722029E1,4.627044678E0,3.174040222E1,4.288359070E1
2.595727529E1,5.082256317E0,3.148590851E1,4.305651093E1
2.596733029E1,5.180564880E0,3.139113617E1,4.331053162E1
2.597738529E1,5.300064087E0,3.103604126E1,4.338751221E1
2.598744029E1,4.994049072E0,3.076660919E1,4.359889984E1
2.599749529E1,4.957954407E0,3.051004791E1,4.392965698E1
2.600755029E1,4.681026459E0,3.071720886E1,4.385971069E1
2.601760529E1,4.645175934E0,3.070404816E1,4.408154297E1
2.602766029E1,4.448974609E0,3.058071136E1,4.406498718E1
2.603771529E1,4.015941620E0,3.028740692E1,4.369555664E1
2.604777029E1,3.316692352E0,3.020135498E1,4.444391632E1
2.605782529E1,3.188873291E0,2.983024597E1,4.420992279E1
2.606788029E1,3.162723541E0,2.940191650E1,4.422515869E1
2.607793529E1,3.191555023E0,2.895518494E1,4.452912903E1
2.608799029E1,3.416717529E0,2.852207947E1,4.492868805E1
2.609804529E1,3.983108521E0,2.827210999E1,4.518275452E1
2.610810029E1,4.677284241E0,2.810317993E1,4.500225067E1
2.611815529E1,5.125221252E0,2.766652679E1,4.524406433E1
2.612821029E1,5.699062347E0,2.722505188E1,4.586472321E1
2.613826529E1,5.952529907E0,2.703096771E1,4.620040894E1
2.614832029E1,6.132549286E0,2.658255005E1,4.626821136E1
2.615837529E1,6.218498230E0,2.604608154E1,4.651088715E1
2.616843029E1,6.078971863E0,2.592935181E1,4.631616211E1
2.617848529E1,6.391342163E0,2.557777405E1,4.671170044E1
2.618854029E1,6.324562073E0,2.575907135E1,4.696821594E1
2.619859529E1,6.184650421E0,2.612554169E1,4.669248962E1
2.620865029E1,5.998764038E0,2.618871307E1,4.661791229E1
2.621870529E1,6.058883667E0,2.639376068E1,4.652467346E1
2.622876029E1,6.045310974E0,2.649638367E1,4.619451141E1
2.623881529E1,6.004234314E0,2.677219391E1,4.605404663E1
2.624887029E1,6.161914825E0,2.691591644E1,4.586538696E1
2.625892529E1,6.119453430E0,2.719985962E1,4.592557526E1
2.626898029E1,5.803207397E0,2.702690887E1,4.608797455E1
2.627903529E1,5.557495117E0,2.713494110E1,4.622093964E1
2.628909029E1,5.439193726E0,2.707457733E1,4.592920685E1
2.629914529E1,5.636146545E0,2.718371582E1,4.560025787E1
2.630920029E1,5.607460022E0,2.764854431E1,4.557642365E1
2.631925529E1,5.751724243E0,2.750838470E1,4.594756317E1
2.632931029E1,5.670700073E0,2.754048920E1,4.598719025E1
2.633936529E1,5.694599152E0,2.770056152E1,4.581664276E1
2.634942029E1,5.662040710E0,2.787042999E1,4.548483276E1
2.635947529E1,5.631454468E0,2.778874207E1,4.572137451E1
2.636953029E1,5.504821777E0,2.770581055E1,4.558518982E1
2.637958529E1,5.381706238E0,2.764790344E1,4.537611389E1
2.638964029E1,5.177284241E0,2.764034271E1,4.534481049E1
2.639969529E1,5.319694519E0,2.780003357E1,4.587326050E1
2.640975029E1,5.274173737E0,2.777422333E1,4.547740173E1
2.641980529E1,5.299915314E0,2.771325684E1,4.546442413E1
2.642986029E1,5.268547058E0,2.755448151E1,4.560942841E1
2.643991529E1,5.387390137E0,2.744268799E1,4.566520691E1
2.644997029E1,5.644207001E0,2.763101959E1,4.558265686E1
2.646002529E1,5.769466400E0,2.788150787E1,4.533748627E1
2.647008029E1,5.805583954E0,2.810345459E1,4.550618744E1
2.648013529E1,5.703472137E0,2.816595459E1,4.497494507E1
2.649019029E1,5.780014038E0,2.844670105E1,4.493054962E1
2.650024529E1,5.866363525E0,2.869985962E1,4.468227386E1
2.651030029E1,5.493534088E0,2.871677399E1,4.461503601E1
2.652035529E1,5.343181610E0,2.863138580E1,4.464959717E1
2.653041029E1,5.473590851E0,2.894205475E1,4.461330414E1
2.654046529E1,5.261276245E0,2.886066437E1,4.421431732E1
2.655052029E1,5.142131805E0,2.905200195E1,4.459128571E1
2.656057529E1,4.873748779E0,2.906326294E1,4.423450470E1
2.657063029E1,4.958122253E0,2.893404388E1,4.377428436E1
2.658068429E1,4.849376678E0,2.902143860E1,4.374885559E1
2.659073929E1,4.616218567E0,2.889452362E1,4.369628143E1
2.660079429E1,4.340240479E0,2.890897369E1,4.320707703E1
2.661084929E1,3.904129028E0,2.901264191E1,4.285596466E1
2.662090429E1,3.445991516E0,2.896981812E1,4.275555420E1
2.663095929E1,2.731582642E0,2.886365509E1,4.283464813E1
2.664101429E1,1.767890930E0,2.896651459E1,4.260668182E1
2.665106929E1,8.570175171E-1,2.925354004E1,4.226491547E1
2.666112429E1,-3.825607300E-1,2.936674500E1,4.179418945E1
2.667117929E1,-2.062408447E0,2.955280304E1,4.213401794E1
2.668123429E1,-3.660408020E0,3.001345825E1,4.238475800E1
2.669128929E1,-6.033988953E0,3.051297760E1,4.251557922E1
2.670134429E1,-8.196556091E0,3.110327148E1,4.296627045E1
2.671139929E1,-1.093627167E1,3.228144836E1,4.359013367E1
2.672145429E1,-1.407813263E1,3.351959991E1,4.455805206E1
2.673150929E1,-1.723289490E1,3.552008820E1,4.627049255E1
2.674156429E1,-2.040188599E1,3.818823242E1,4.822779846E1
2.675161929E1,-2.370582581E1,4.151609802E1,5.015917969E1
2.676167429E1,-2.748259735E1,4.535906982E1,5.218658447E1
2.677172929E1,-3.052372742E1,4.988709259E1,5.510686493E1
2.678178429E1,-3.364978027E1,5.497153473E1,5.773180389E1
2.679183929E1,-3.656296539E1,6.013000488E1,6.043376923E1
2.680189429E1,-3.848172760E1,6.601038361E1,6.312980652E1
2.681194929E1,-3.959680939E1,7.253592682E1,6.512624359E1
2.682200429E1,-4.044609833E1,7.958477020E1,6.679730988E1
2.683205929E1,-4.067988586E1,8.696346283E1,6.706916809E1
2.684211429E1,-4.016610718E1,9.437949371E1,6.578469086E1
2.685216929E1,-3.873813629E1,1.018413925E2,6.330706024E1
2.686222429E1,-3.701448059E1,1.091130753E2,5.961774445E1
2.687227929E1,-3.503447723E1,1.162013474E2,5.484658813E1
2.688233429E1,-3.274613953E1,1.226583481E2,4.868864441E1
2.689238929E1,-2.963208771E1,1.291234436E2,4.098641968E1
2.690244429E1,-2.653323364E1,1.340852661E2,3.121006775E1
2.691249938E1,-2.302249146E1,1.371593018E2,1.899129486E1
2.692255437E1,-1.993451691E1,1.378279419E2,4.798034668E0
2.693260937E1,-1.881322479E1,1.363621826E2,-1.046295166E1
2.694266438E1,-2.448763275E1,1.337210999E2,-2.648840332E1
2.695271937E1,-4.408450317E1,1.425970764E2,-4.835911560E1
2.696277437E1,-4.723975372E1,1.445506897E2,-6.147517395E1
2.697282938E1,-4.789395905E1,1.451582031E2,-6.531736755E1
2.698288438E1,-4.786281586E1,1.457893677E2,-6.659495544E1
2.699293937E1,-4.787124634E1,1.463927917E2,-6.719325256E1
2.700299437E1,-4.783370209E1,1.466024170E2,-6.755291748E1
2.701304938E1,-4.811335754E1,1.468213196E2,-6.799641418E1
2.702310437E1,-4.782714844E1,1.467889404E2,-6.807928467E1
2.703315937E1,-4.793924713E1,1.468078003E2,-6.767422485E1
2.704321438E1,-4.794864655E1,1.466391602E2,-6.724430847E1
2.705326937E1,-4.806422424E1,1.464114380E2,-6.725073242E1
2.706332437E1,-4.784362030E1,1.462214966E2,-6.752174377E1
2.707337937E1,-4.788704681E1,1.460400696E2,-6.764332581E1
2.708343438E1,-4.759864807E1,1.462349548E2,-6.748846436E1
2.709348937E1,-4.758210754E1,1.463130493E2,-6.783129883E1
2.710354437E1,-4.726884460E1,1.461824646E2,-6.770924377E1
2.711359938E1,-4.762232208E1,1.460959167E2,-6.752038574E1
2.712365437E1,-4.777877808E1,1.461288757E2,-6.743504333E1
2.713370937E1,-4.752281189E1,1.462191467E2,-6.754438782E1
2.714376438E1,-4.739055634E1,1.463923645E2,-6.768060303E1
2.715381938E1,-4.764301300E1,1.463261108E2,-6.774903870E1
2.716387437E1,-4.779675293E1,1.464776001E2,-6.752993774E1
2.717392937E1,-4.773915100E1,1.464389954E2,-6.750515747E1
2.718398438E1,-4.775262451E1,1.463911743E2,-6.743843079E1
2.719403937E1,-4.788957214E1,1.463772583E2,-6.774174500E1
2.720409437E1,-4.758000183E1,1.461971130E2,-6.780072021E1
2.721414938E1,-4.749768066E1,1.462070007E2,-6.755278015E1
2.722420438E1,-4.724428558E1,1.458765869E2,-6.722149658E1
2.723425937E1,-4.716046906E1,1.457831116E2,-6.699862671E1
2.724431437E1,-4.686786652E1,1.454942322E2,-6.673799133E1
2.725436938E1,-4.675205994E1,1.451806641E2,-6.643350220E1
2.726442437E1,-4.661508179E1,1.447001343E2,-6.621484375E1
2.727447937E1,-4.666735077E1,1.446236572E2,-6.576498413E1
2.728453438E1,-4.658540344E1,1.446339722E2,-6.606382751E1
2.729458938E1,-4.665606689E1,1.449317322E2,-6.605993652E1
2.730464437E1,-4.680821991E1,1.454294128E2,-6.650317383E1
2.731469937E1,-4.707006073E1,1.457244873E2,-6.674324036E1
2.732475438E1,-4.737075043E1,1.462926025E2,-6.703784180E1
2.733480937E1,-4.731332397E1,1.465138245E2,-6.731855774E1
2.734486437E1,-4.759834290E1,1.470121765E2,-6.765644836E1
2.735491938E1,-4.755644226E1,1.474378967E2,-6.790499878E1
2.736497437E1,-4.760761261E1,1.476304321E2,-6.760581970E1
2.737502937E1,-4.787594604E1,1.477827759E2,-6.809707642E1
2.738508437E1,-4.812899780E1,1.478527832E2,-6.825070190E1
2.739513938E1,-4.832897186E1,1.478741455E2,-6.849467468E1
2.740519437E1,-4.849325562E1,1.481283569E2,-6.840544128E1
2.741524937E1,-4.862097931E1,1.484053650E2,-6.849104309E1
2.742530438E1,-4.861955261E1,1.484783325E2,-6.847296143E1
2.743535937E1,-4.842166138E1,1.486443481E2,-6.844792175E1
2.744541437E1,-4.820247650E1,1.489363708E2,-6.877651978E1
2.745546938E1,-4.839369965E1,1.494790039E2,-6.888836670E1
2.746552438E1,-4.842739868E1,1.498933716E2,-6.982058716E1
2.747557937E1,-4.847915649E1,1.498630066E2,-6.977162170E1
2.748563437E1,-4.835079956E1,1.498666382E2,-6.995069885E1
2.749568938E1,-4.831427765E1,1.497051086E2,-6.965676880E1
2.750574437E1,-4.807363129E1,1.495398865E2,-6.940644836E1
2.751579937E1,-4.827130127E1,1.492913818E2,-6.934849548E1
2.752585438E1,-4.797382355E1,1.492893982E2,-6.891070557E1
2.753590938E1,-4.830929565E1,1.490918884E2,-6.892396545E1
2.754596437E1,-4.809445190E1,1.489317322E2,-6.905703735E1
2.755601937E1,-4.771443176E1,1.488158569E2,-6.876541138E1
2.756607438E1,-4.784403992E1,1.488444519E2,-6.880136108E1
2.757612937E1,-4.798439026E1,1.489588623E2,-6.906556702E1
2.758618437E1,-4.754838562E1,1.489330139E2,-6.930186462E1
2.759623938E1,-4.741088104E1,1.490769348E2,-6.902449036E1
2.760629438E1,-4.750428009E1,1.491636963E2,-6.901211548E1
2.761634937E1,-4.723907471E1,1.491056213E2,-6.880662537E1
2.762640437E1,-4.726634979E1,1.489004822E2,-6.906898499E1
2.763645938E1,-4.758695221E1,1.486723328E2,-6.902305603E1
2.764651437E1,-4.778279877E1,1.485408630E2,-6.881745911E1
2.765656937E1,-4.766065216E1,1.486220398E2,-6.878303528E1
2.766662438E1,-4.757308197E1,1.485905151E2,-6.825163269E1
2.767667937E1,-4.718520355E1,1.485055847E2,-6.793112183E1
2.768673437E1,-4.666114807E1,1.483453674E2,-6.842866516E1
2.769678937E1,-4.687556458E1,1.480206299E2,-6.825616455E1
2.770684438E1,-4.734861755E1,1.481896057E2,-6.832913208E1
2.771689937E1,-4.798681641E1,1.479777222E2,-6.829077148E1
2.772695437E1,-4.853992462E1,1.478458557E2,-6.808938599E1
2.773700938E1,-4.888764191E1,1.476063843E2,-6.794342041E1
2.774706437E1,-4.906459808E1,1.474291077E2,-6.782182312E1
2.775711937E1,-4.920726013E1,1.470783081E2,-6.771974182E1
2.776717438E1,-4.951849365E1,1.470842896E2,-6.729173279E1
2.777722938E1,-4.997399902E1,1.469215393E2,-6.694352722E1
2.778728437E1,-5.007012177E1,1.463873596E2,-6.683975220E1
2.779733937E1,-5.034184265E1,1.463042603E2,-6.683436584E1
2.780739438E1,-5.067053986E1,1.460933838E2,-6.680259705E1
2.781744937E1,-5.062916565E1,1.459302063E2,-6.708819580E1
2.782750437E1,-5.115561676E1,1.458658142E2,-6.714317322E1
2.783755938E1,-5.105908966E1,1.456254272E2,-6.679237366E1
2.784761438E1,-5.115396118E1,1.455669250E2,-6.667852783E1
2.785766937E1,-5.108071136E1,1.456307983E2,-6.657702637E1
2.786772437E1,-5.119174957E1,1.454507141E2,-6.607858276E1
2.787777938E1,-5.162475586E1,1.455812988E2,-6.611683655E1
2.788783437E1,-5.131427765E1,1.454797974E2,-6.620736694E1
2.789788937E1,-5.133216858E1,1.454415283E2,-6.645854187E1
2.790794388E1,-5.137698364E1,1.453761902E2,-6.653906250E1
2.791799887E1,-5.162722778E1,1.455619812E2,-6.673594666E1
2.792805387E1,-5.163201141E1,1.456050415E2,-6.675679016E1
2.793810888E1,-5.186739349E1,1.457900085E2,-6.666757202E1
2.794816388E1,-5.218811798E1,1.458357544E2,-6.691339111E1
2.795821887E1,-5.269983673E1,1.459231873E2,-6.719215393E1
2.796827387E1,-5.259968567E1,1.460172119E2,-6.744512939E1
2.797832888E1,-5.282170868E1,1.463209534E2,-6.751223755E1
2.798838387E1,-5.304913330E1,1.464560547E2,-6.763516235E1
2.799843887E1,-5.287213898E1,1.467913513E2,-6.766831970E1
2.800849388E1,-5.271929169E1,1.472172546E2,-6.770422363E1
2.801854887E1,-5.281272125E1,1.474300842E2,-6.790948486E1
2.802860387E1,-5.331510925E1,1.477867432E2,-6.859666443E1
2.803865887E1,-5.331510925E1,1.477867432E2,-6.859666443E1
2.804871388E1,-5.467814636E1,1.479090576E2,-6.939045715E1
2.805876887E1,-5.521224213E1,1.480245972E2,-6.943090820E1
2.806882387E1,-5.570520782E1,1.479537964E2,-6.917951965E1
2.807887888E1,-5.570520782E1,1.479537964E2,-6.917951965E1
2.808893387E1,-5.573880768E1,1.479002686E2,-6.906468201E1
2.809898887E1,-5.615553284E1,1.476741638E2,-6.879705811E1
2.810904388E1,-5.599810028E1,1.475554199E2,-6.932797241E1
2.811909888E1,-5.634870911E1,1.476461182E2,-6.909890747E1
2.812915387E1,-5.622513580E1,1.474998474E2,-6.897984314E1
2.813920887E1,-5.647166443E1,1.476049194E2,-6.930453491E1
2.814926388E1,-5.663638306E1,1.481651001E2,-6.975701904E1
2.815931887E1,-5.688926697E1,1.486305847E2,-7.032421875E1
2.816937387E1,-5.720703888E1,1.488489075E2,-7.068087769E1
2.817942888E1,-5.732441711E1,1.489762878E2,-7.080062866E1
2.818948388E1,-5.707868195E1,1.491547241E2,-7.068272400E1
2.819953887E1,-5.767356110E1,1.491787720E2,-7.075849915E1
2.820959387E1,-5.770510101E1,1.495763550E2,-7.105821228E1
2.821964888E1,-5.755242920E1,1.498641052E2,-7.154827881E1
2.822970387E1,-5.743129730E1,1.502783813E2,-7.183749390E1
2.823975887E1,-5.740447998E1,1.506821899E2,-7.190625000E1
2.824981388E1,-5.719653320E1,1.510007324E2,-7.245658875E1
2.825986888E1,-5.764879608E1,1.511595764E2,-7.263284302E1
2.826992387E1,-5.795175934E1,1.509452515E2,-7.248452759E1
2.827997887E1,-5.822734070E1,1.507940369E2,-7.258546448E1
2.829003388E1,-5.816200256E1,1.508707275E2,-7.251426697E1
2.830008787E1,-5.783523560E1,1.508247986E2,-7.223384094E1
2.831014288E1,-5.760746002E1,1.509026489E2,-7.209745789E1
2.832019788E1,-5.748352814E1,1.508131714E2,-7.228860474E1
2.833025287E1,-5.702951050E1,1.507431030E2,-7.193421936E1
2.834030787E1,-5.713938904E1,1.506106873E2,-7.213078308E1
2.835036288E1,-5.730923462E1,1.506454163E2,-7.226048279E1
2.836041787E1,-5.767053986E1,1.504909668E2,-7.178108215E1
2.837047287E1,-5.783720398E1,1.503039856E2,-7.180427551E1
2.838052788E1,-5.784349823E1,1.503320312E2,-7.156906128E1
2.839058287E1,-5.765499878E1,1.504827271E2,-7.162489319E1
2.840063787E1,-5.675016785E1,1.503577881E2,-7.109321594E1
2.841069287E1,-5.639772797E1,1.502190552E2,-7.097726440E1
2.842074788E1,-5.655681610E1,1.501950989E2,-7.122462463E1
2.843080287E1,-5.660919189E1,1.501144104E2,-7.120822144E1
2.844085787E1,-5.665184784E1,1.501488037E2,-7.143202209E1
2.845091288E1,-5.658434296E1,1.503014221E2,-7.126330566E1
2.846096787E1,-5.655355835E1,1.503691711E2,-7.149935913E1
2.847102287E1,-5.633205414E1,1.505319214E2,-7.153063965E1
2.848107788E1,-5.625405121E1,1.503816833E2,-7.153047180E1
2.849113288E1,-5.589812469E1,1.503886414E2,-7.172357178E1
2.850118787E1,-5.601373291E1,1.502447205E2,-7.174989319E1
2.851124287E1,-5.573916626E1,1.502421875E2,-7.158909607E1
2.852129788E1,-5.569726562E1,1.503412170E2,-7.153741455E1
2.853135287E1,-5.562480164E1,1.503401794E2,-7.152558899E1
2.854140787E1,-5.545971680E1,1.501421204E2,-7.181834412E1
2.855146288E1,-5.539561462E1,1.502979736E2,-7.161474609E1
2.856151788E1,-5.529632568E1,1.503229370E2,-7.176524353E1
2.857157287E1,-5.552029419E1,1.505068665E2,-7.154327393E1
2.858162787E1,-5.571633148E1,1.503202820E2,-7.177729797E1
2.859168288E1,-5.539524078E1,1.503875732E2,-7.193246460E1
2.860173787E1,-5.537317657E1,1.505279236E2,-7.168840027E1
2.861179287E1,-5.534877014E1,1.505688171E2,-7.156138611E1
2.862184788E1,-5.554965973E1,1.504817810E2,-7.182269287E1
2.863190288E1,-5.539143372E1,1.503847046E2,-7.168572998E1
2.864195787E1,-5.537989044E1,1.505064697E2,-7.161634827E1
2.865201287E1,-5.561004639E1,1.505151062E2,-7.166757202E1
2.866206788E1,-5.550025940E1,1.505708618E2,-7.152548218E1
2.867212287E1,-5.538423920E1,1.504908752E2,-7.147148132E1
2.868217787E1,-5.520178986E1,1.505017395E2,-7.175154114E1
2.869223288E1,-5.558772278E1,1.502993774E2,-7.153657532E1
2.870228787E1,-5.535108185E1,1.503156433E2,-7.154829407E1
2.871234287E1,-5.535381317E1,1.506372986E2,-7.156370544E1
2.872239787E1,-5.536706543E1,1.503782043E2,-7.148126221E1
2.873245288E1,-5.525410461E1,1.503737183E2,-7.188679504E1
2.874250787E1,-5.517827606E1,1.503983154E2,-7.160548401E1
2.875256287E1,-5.511678314E1,1.504679565E2,-7.171719360E1
2.876261788E1,-5.507839966E1,1.503783875E2,-7.185668945E1
2.877267287E1,-5.519827271E1,1.504073181E2,-7.144116211E1
2.878272787E1,-5.524597931E1,1.504942322E2,-7.153959656E1
2.879278288E1,-5.531341553E1,1.504687195E2,-7.184863281E1
2.880283788E1,-5.503992462E1,1.506477051E2,-7.169573975E1
2.881289287E1,-5.529340363E1,1.504291077E2,-7.164361572E1
2.882294787E1,-5.538995361E1,1.503511658E2,-7.166133118E1
2.883300288E1,-5.538388824E1,1.503315125E2,-7.144944763E1
2.884305787E1,-5.536097717E1,1.502978821E2,-7.129132080E1
2.885311287E1,-5.537026978E1,1.503208923E2,-7.150317383E1
2.886316788E1,-5.539620209E1,1.503991089E2,-7.148800659E1
2.887322288E1,-5.530063629E1,1.503460388E2,-7.161656189E1
2.888327787E1,-5.523771667E1,1.503699036E2,-7.134324646E1
2.889333287E1,-5.528030396E1,1.502217102E2,-7.134710693E1
2.890338788E1,-5.536733246E1,1.503959351E2,-7.173957825E1
2.891344237E1,-5.534776306E1,1.504364624E2,-7.174354553E1
2.892349737E1,-5.549604797E1,1.502696228E2,-7.193695068E1
2.893355238E1,-5.532731628E1,1.502299194E2,-7.171586609E1
2.894360737E1,-5.535862732E1,1.501948242E2,-7.138626099E1
2.895366237E1,-5.527299500E1,1.503316956E2,-7.159800720E1
2.896371738E1,-5.516397095E1,1.504513245E2,-7.150405884E1
2.897377238E1,-5.522222137E1,1.502661133E2,-7.152853394E1
2.898382737E1,-5.532119751E1,1.503005676E2,-7.158245850E1
2.899388237E1,-5.528061676E1,1.503167114E2,-7.125463867E1
2.900393738E1,-5.530664825E1,1.504272156E2,-7.119776917E1
2.901399237E1,-5.526172638E1,1.503132324E2,-7.100570679E1
2.902404737E1,-5.539936829E1,1.504993286E2,-7.113571167E1
2.903410238E1,-5.546728516E1,1.504150085E2,-7.133943176E1
2.904415737E1,-5.541867065E1,1.504620056E2,-7.169841003E1
2.905421237E1,-5.527535248E1,1.504547119E2,-7.174687195E1
2.906426737E1,-5.526036835E1,1.502608643E2,-7.154595947E1
2.907432238E1,-5.531466675E1,1.504570618E2,-7.181982422E1
2.908437737E1,-5.537124634E1,1.505494690E2,-7.151376343E1
2.909443237E1,-5.540731049E1,1.507669067E2,-7.138859558E1
2.910448738E1,-5.543726349E1,1.505757141E2,-7.171186829E1
2.911454237E1,-5.527687836E1,1.503937683E2,-7.135957336E1
2.912459737E1,-5.535005951E1,1.505101318E2,-7.147174072E1
2.913465238E1,-5.524282837E1,1.505728455E2,-7.159059143E1
2.914470738E1,-5.523974609E1,1.505185242E2,-7.140106201E1
2.915476237E1,-5.503894806E1,1.505581055E2,-7.181367493E1
2.916481737E1,-5.521894073E1,1.506729736E2,-7.147811890E1
2.917487238E1,-5.527516937E1,1.506803589E2,-7.170016479E1
2.918492737E1,-5.514111328E1,1.503375854E2,-7.169648743E1
2.919498237E1,-5.526161957E1,1.502345581E2,-7.167567444E1
2.920503738E1,-5.557234192E1,1.506693726E2,-7.188121033E1
2.921509238E1,-5.560207367E1,1.503291321E2,-7.173237610E1
2.922514737E1,-5.550002289E1,1.503419495E2,-7.163626099E1
2.923520237E1,-5.557974243E1,1.501857605E2,-7.183103943E1
2.924525738E1,-5.554414368E1,1.502785950E2,-7.165374756E1
2.925531237E1,-5.546362305E1,1.503718262E2,-7.190475464E1
2.926536737E1,-5.534676361E1,1.503797607E2,-7.184582520E1
2.927542238E1,-5.539346313E1,1.505832214E2,-7.201634216E1
2.928547738E1,-5.557022858E1,1.505828857E2,-7.169908142E1
2.929553237E1,-5.535921478E1,1.505082092E2,-7.161378479E1
2.930558737E1,-5.525499725E1,1.503114929E2,-7.175747681E1
2.931564238E1,-5.529230499E1,1.503287354E2,-7.182350159E1
2.932569737E1,-5.531540680E1,1.502440491E2,-7.195082092E1
2.933575237E1,-5.540901947E1,1.504819641E2,-7.171128845E1
2.934580738E1,-5.556616974E1,1.503863220E2,-7.168208313E1
2.935586237E1,-5.541400146E1,1.504432373E2,-7.167527771E1
2.936591737E1,-5.556150055E1,1.505316772E2,-7.193121338E1
2.937597237E1,-5.558745575E1,1.505373840E2,-7.161422729E1
2.938602738E1,-5.562934113E1,1.506456909E2,-7.175857544E1
2.939608237E1,-5.566279602E1,1.503519897E2,-7.159225464E1
2.940613737E1,-5.570588684E1,1.503070984E2,-7.160011292E1
2.941619238E1,-5.579016113E1,1.502507629E2,-7.155786133E1
2.942624737E1,-5.562604523E1,1.504924316E2,-7.147317505E1
2.943630237E1,-5.537892151E1,1.504593506E2,-7.154907227E1
2.944635738E1,-5.546993256E1,1.505708313E2,-7.159175110E1
2.945641238E1,-5.555303955E1,1.506217346E2,-7.157101440E1
2.946646737E1,-5.572379303E1,1.504282837E2,-7.149969482E1
2.947652237E1,-5.563723755E1,1.505036316E2,-7.129310608E1
2.948657738E1,-5.563540649E1,1.504447632E2,-7.152677917E1
2.949663237E1,-5.568303680E1,1.506198425E2,-7.181106567E1
2.950668737E1,-5.564398193E1,1.506002808E2,-7.173939514E1
2.951674238E1,-5.564346313E1,1.507255249E2,-7.133633423E1
2.952679738E1,-5.546989441E1,1.505380859E2,-7.132040405E1
2.953685237E1,-5.560124969E1,1.505703430E2,-7.118930054E1
2.954690737E1,-5.519712830E1,1.503554688E2,-7.160545349E1
2.955696238E1,-5.523968506E1,1.506699219E2,-7.125883484E1
2.956701737E1,-5.535363007E1,1.506641846E2,-7.134361267E1
2.957707237E1,-5.524393463E1,1.505697327E2,-7.105535889E1
2.958712738E1,-5.536541748E1,1.506840210E2,-7.138145447E1
2.959718238E1,-5.515898132E1,1.507970276E2,-7.161447144E1
2.960723737E1,-5.522369385E1,1.505585632E2,-7.164428711E1
2.961729237E1,-5.557253265E1,1.505860901E2,-7.141027832E1
2.962734738E1,-5.545578766E1,1.506737671E2,-7.129010010E1
2.963740237E1,-5.521305084E1,1.505586243E2,-7.146183777E1
2.964745737E1,-5.548215485E1,1.507029114E2,-7.158436584E1
2.965751238E1,-5.531625366E1,1.506415710E2,-7.141397095E1
2.966756737E1,-5.536013031E1,1.507674866E2,-7.115208435E1
2.967762237E1,-5.527749634E1,1.506087952E2,-7.140202332E1
2.968767737E1,-5.528366089E1,1.506859741E2,-7.124403381E1
2.969773238E1,-5.510333252E1,1.504439697E2,-7.117536926E1
2.970778737E1,-5.508895111E1,1.508345337E2,-7.165534973E1
2.971784237E1,-5.524851990E1,1.504772949E2,-7.158288574E1
2.972789738E1,-5.522129059E1,1.504677429E2,-7.152372742E1
2.973795237E1,-5.533061218E1,1.503479309E2,-7.194154358E1
2.974800737E1,-5.544962311E1,1.505795288E2,-7.182301331E1
2.975806238E1,-5.519187164E1,1.507122803E2,-7.180328369E1
2.976811738E1,-5.529730988E1,1.507868652E2,-7.138719177E1
2.977817237E1,-5.518844604E1,1.505591736E2,-7.139335632E1
2.978822737E1,-5.539262390E1,1.505467529E2,-7.159791565E1
2.979828238E1,-5.551115417E1,1.504794006E2,-7.164993286E1
2.980833737E1,-5.533553314E1,1.505496216E2,-7.159934998E1
2.981839237E1,-5.507305908E1,1.505862427E2,-7.153092957E1
2.982844738E1,-5.513539124E1,1.502412415E2,-7.155012512E1
2.983850238E1,-5.497109222E1,1.503955688E2,-7.127444458E1
2.984855737E1,-5.530837250E1,1.503515320E2,-7.121441650E1
2.985861237E1,-5.510459137E1,1.503879700E2,-7.125405884E1
2.986866738E1,-5.501124573E1,1.505445557E2,-7.148832703E1
2.987872237E1,-5.513170624E1,1.505580750E2,-7.146784973E1
2.988877737E1,-5.513417053E1,1.505299377E2,-7.120800781E1
2.989883238E1,-5.549530792E1,1.506799316E2,-7.129211426E1
2.990888742E1,-5.542547607E1,1.503294983E2,-7.134402466E1
2.991894242E1,-5.537219238E1,1.503263855E2,-7.142680359E1
2.992899742E1,-5.521858978E1,1.504194946E2,-7.164689636E1
2.993905242E1,-5.517993927E1,1.502535400E2,-7.129797363E1
2.994910742E1,-5.513710785E1,1.504970703E2,-7.146237183E1
2.995916242E1,-5.529293060E1,1.503871155E2,-7.133384705E1
2.996921742E1,-5.548584747E1,1.503664551E2,-7.142913818E1
2.997927242E1,-5.533016205E1,1.501596680E2,-7.166496277E1
2.998932742E1,-5.541651917E1,1.500315552E2,-7.125555420E1
2.999938142E1,-5.548355103E1,1.501712952E2,-7.115998840E1
3.000943642E1,-5.538709259E1,1.503070984E2,-7.114286804E1
3.001949142E1,-5.524732208E1,1.503985291E2,-7.138116455E1
3.002954642E1,-5.521086121E1,1.502129517E2,-7.154943848E1
3.003960142E1,-5.518195343E1,1.502988892E2,-7.156803894E1
3.004965642E1,-5.528245544E1,1.503757629E2,-7.150315857E1
3.005971142E1,-5.531957245E1,1.500630188E2,-7.127438354E1
3.006976642E1,-5.544267273E1,1.502695923E2,-7.122807312E1
3.007982142E1,-5.554334259E1,1.505750122E2,-7.121980286E1
3.008987642E1,-5.536292267E1,1.504476624E2,-7.118603516E1
3.009993142E1,-5.556534576E1,1.503396606E2,-7.132588196E1
3.010998642E1,-5.535095215E1,1.502141113E2,-7.134487915E1
3.012004142E1,-5.518544006E1,1.502811890E2,-7.148794556E1
3.013009642E1,-5.519526672E1,1.502977905E2,-7.121873474E1
3.014015142E1,-5.516703033E1,1.501664124E2,-7.155686951E1
3.015020642E1,-5.515727997E1,1.500035095E2,-7.182756042E1
3.016026142E1,-5.518981934E1,1.502337952E2,-7.170434570E1
3.017031642E1,-5.519916534E1,1.503614502E2,-7.133355713E1
3.018037142E1,-5.529096985E1,1.502990112E2,-7.105419922E1
3.019042642E1,-5.539287567E1,1.501256714E2,-7.096630859E1
3.020048142E1,-5.525239563E1,1.501827393E2,-7.101480103E1
3.021053642E1,-5.507028198E1,1.501965027E2,-7.178031921E1
3.022059142E1,-5.521279907E1,1.501191101E2,-7.188174438E1
3.023064642E1,-5.528465271E1,1.501761169E2,-7.159297180E1
3.024070142E1,-5.537477112E1,1.502499084E2,-7.137080383E1
3.025075642E1,-5.530922699E1,1.503196716E2,-7.139881897E1
3.026081142E1,-5.531849670E1,1.502151489E2,-7.155369568E1
3.027086642E1,-5.519196320E1,1.502051392E2,-7.147859192E1
3.028092142E1,-5.522975159E1,1.500070496E2,-7.132240295E1
3.029097642E1,-5.538455963E1,1.502423096E2,-7.131474304E1
3.030103142E1,-5.540946960E1,1.504050293E2,-7.156095886E1
3.031108642E1,-5.527107239E1,1.503691711E2,-7.127252197E1
3.032114142E1,-5.534033203E1,1.504718323E2,-7.172538757E1
3.033119642E1,-5.519660950E1,1.506734924E2,-7.127963257E1
3.034125142E1,-5.513137054E1,1.505179443E2,-7.178182983E1
3.035130642E1,-5.533291626E1,1.504026794E2,-7.163703918E1
3.036136142E1,-5.537689209E1,1.503526611E2,-7.152789307E1
3.037141642E1,-5.518975067E1,1.503406067E2,-7.130645752E1
3.038147142E1,-5.528052521E1,1.504151306E2,-7.121621704E1
3.039152642E1,-5.521556091E1,1.503051758E2,-7.106185913E1
3.040158142E1,-5.531206512E1,1.503615723E2,-7.142495728E1
3.041163642E1,-5.514877319E1,1.503340149E2,-7.147290039E1
3.042169142E1,-5.538584900E1,1.501781921E2,-7.196726990E1
3.043174642E1,-5.530986786E1,1.503528748E2,-7.159376526E1
3.044180142E1,-5.536323547E1,1.503853455E2,-7.201574707E1
3.045185642E1,-5.530812836E1,1.504612122E2,-7.202549744E1
3.046191142E1,-5.531643677E1,1.502126160E2,-7.205531311E1
3.047196642E1,-5.516136169E1,1.501925659E2,-7.159167480E1
3.048202142E1,-5.528278351E1,1.502739868E2,-7.138856506E1
3.049207642E1,-5.520285797E1,1.502340698E2,-7.122276306E1
3.050213142E1,-5.533695984E1,1.503534546E2,-7.163011169E1
3.051218642E1,-5.515820312E1,1.502706299E2,-7.196197510E1
3.052224142E1,-5.556225586E1,1.502614136E2,-7.159559631E1
3.053229642E1,-5.531621552E1,1.501346741E2,-7.148081970E1
3.054235142E1,-5.518943787E1,1.502325439E2,-7.151440430E1
3.055240642E1,-5.541774750E1,1.503785706E2,-7.159439087E1
3.056246142E1,-5.525351715E1,1.504406128E2,-7.125773621E1
3.057251642E1,-5.512583160E1,1.504149780E2,-7.141749573E1
3.058257142E1,-5.496415710E1,1.502597046E2,-7.160198975E1
3.059262642E1,-5.500472260E1,1.504923706E2,-7.159523010E1
3.060268142E1,-5.500095367E1,1.502994080E2,-7.148551941E1
3.061273642E1,-5.504132080E1,1.503636780E2,-7.159223938E1
3.062279142E1,-5.503971100E1,1.504386902E2,-7.162934875E1
3.063284642E1,-5.511454773E1,1.502897034E2,-7.153523254E1
3.064290142E1,-5.502381134E1,1.502294922E2,-7.140844727E1
3.065295642E1,-5.508225250E1,1.503101196E2,-7.142984009E1
3.066301142E1,-5.500460815E1,1.502364197E2,-7.179464722E1
3.067306642E1,-5.512046814E1,1.501896362E2,-7.192593384E1
3.068312142E1,-5.524256897E1,1.500103149E2,-7.160055542E1
3.069317642E1,-5.486212158E1,1.501302490E2,-7.157188416E1
3.070323142E1,-5.488702393E1,1.501224365E2,-7.145767212E1
3.071328642E1,-5.500543213E1,1.500368347E2,-7.126100159E1
3.072334142E1,-5.510202026E1,1.503019714E2,-7.112918091E1
3.073339642E1,-5.529106140E1,1.503642883E2,-7.146282959E1
3.074345142E1,-5.527587128E1,1.501582642E2,-7.121047974E1
3.075350642E1,-5.526786804E1,1.500394897E2,-7.127388000E1
3.076356142E1,-5.528974152E1,1.503102722E2,-7.162644958E1
3.077361642E1,-5.530007172E1,1.504131470E2,-7.166558838E1
3.078367142E1,-5.538211823E1,1.503612061E2,-7.146427917E1
3.079372642E1,-5.537998962E1,1.503318176E2,-7.117756653E1
3.080378142E1,-5.524570465E1,1.501956177E2,-7.110949707E1
3.081383642E1,-5.521247864E1,1.502735596E2,-7.151770020E1
3.082389142E1,-5.512139130E1,1.503345947E2,-7.184576416E1
3.083394642E1,-5.512228394E1,1.500576477E2,-7.157223511E1
3.084400142E1,-5.515805054E1,1.500615540E2,-7.155641174E1
3.085405642E1,-5.499835205E1,1.500213928E2,-7.150631714E1
3.086411142E1,-5.507157898E1,1.500632324E2,-7.182386780E1
3.087416642E1,-5.537498474E1,1.502571411E2,-7.149098206E1
3.088422142E1,-5.532823944E1,1.502160034E2,-7.162037659E1
3.089427642E1,-5.535286713E1,1.501361389E2,-7.159996033E1
3.090433142E1,-5.549459076E1,1.501890564E2,-7.157818604E1
3.091438662E1,-5.550963593E1,1.504435730E2,-7.147319031E1
3.092444162E1,-5.541629028E1,1.503731079E2,-7.148255920E1
3.093449663E1,-5.541449738E1,1.504490356E2,-7.133662415E1
3.094455162E1,-5.535538483E1,1.504037476E2,-7.146803284E1
3.095460662E1,-5.554550934E1,1.503398743E2,-7.163536072E1
3.096466163E1,-5.529550934E1,1.503899231E2,-7.189361572E1
3.097471663E1,-5.544479370E1,1.504783630E2,-7.195568848E1
3.098477162E1,-5.547689056E1,1.505061340E2,-7.173837280E1
3.099482662E1,-5.586441803E1,1.504607239E2,-7.186407471E1
3.100488163E1,-5.601359558E1,1.507163086E2,-7.166635132E1
3.101493662E1,-5.619003296E1,1.504970398E2,-7.146582031E1
3.102499162E1,-5.641840363E1,1.503946838E2,-7.157069397E1
3.103504663E1,-5.689669037E1,1.501382446E2,-7.147615051E1
3.104510163E1,-5.748072815E1,1.501299438E2,-7.116490173E1
3.105515662E1,-5.776445007E1,1.497041931E2,-7.085224915E1
3.106521162E1,-5.849552917E1,1.494356079E2,-7.039183044E1
3.107526663E1,-5.889725494E1,1.490819702E2,-7.048521423E1
3.108532162E1,-5.872413635E1,1.488917236E2,-7.035571289E1
3.109537662E1,-5.780830383E1,1.488941345E2,-7.020632935E1
3.110543163E1,-5.668058014E1,1.489502563E2,-7.017431641E1
3.111548662E1,-5.517635345E1,1.490702820E2,-7.007714844E1
3.112554162E1,-5.348403931E1,1.492923584E2,-6.975386047E1
3.113559662E1,-5.152476501E1,1.495889587E2,-7.001904297E1
3.114565163E1,-5.038141632E1,1.500074768E2,-7.037591553E1
3.115570662E1,-4.907595825E1,1.503022766E2,-7.040179443E1
3.116576162E1,-4.811611938E1,1.507212219E2,-7.055404663E1
3.117581663E1,-4.752648926E1,1.508654175E2,-7.036456299E1
3.118587162E1,-4.688438416E1,1.509314270E2,-7.045066833E1
3.119592662E1,-4.670353699E1,1.512082520E2,-7.058888245E1
3.120598162E1,-4.665664673E1,1.511035767E2,-7.056343079E1
3.121603663E1,-4.671974945E1,1.509014282E2,-7.053182983E1
3.122609162E1,-4.698680115E1,1.506096802E2,-7.013789368E1
3.123614662E1,-4.760408783E1,1.501822510E2,-6.961376953E1
3.124620163E1,-4.794524384E1,1.496168213E2,-6.953454590E1
3.125625662E1,-4.857991028E1,1.494271545E2,-6.956582642E1
3.126631162E1,-4.918501282E1,1.490468750E2,-6.843809509E1
3.127636663E1,-4.932974243E1,1.489129333E2,-6.822015381E1
3.128642163E1,-4.963682556E1,1.487634888E2,-6.833016968E1
3.129647662E1,-4.958582306E1,1.487262573E2,-6.833168030E1
3.130653162E1,-4.956215668E1,1.487717285E2,-6.827375793E1
3.131658663E1,-4.902363586E1,1.487792664E2,-6.803453064E1
3.132664162E1,-4.888298798E1,1.489145813E2,-6.886701965E1
3.133669662E1,-4.877393341E1,1.485921326E2,-6.855809021E1
3.134675163E1,-4.852454376E1,1.485545959E2,-6.864785767E1
3.135680663E1,-4.791374969E1,1.485303040E2,-6.866333008E1
3.136686162E1,-4.738634491E1,1.485317993E2,-6.845680237E1
3.137691662E1,-4.711621857E1,1.485559387E2,-6.874426270E1
3.138697163E1,-4.692414856E1,1.485194397E2,-6.817164612E1
3.139702662E1,-4.651889038E1,1.487603455E2,-6.869328308E1
3.140708162E1,-4.636007690E1,1.488482971E2,-6.856610107E1
3.141713663E1,-4.614564514E1,1.487539673E2,-6.896289062E1
3.142719162E1,-4.600096893E1,1.490077515E2,-6.872384644E1
3.143724662E1,-4.582295990E1,1.490388794E2,-6.877848816E1
3.144730162E1,-4.607167816E1,1.493583069E2,-6.871292114E1
3.145735663E1,-4.671799469E1,1.492755127E2,-6.894383240E1
3.146741162E1,-4.715384674E1,1.494107361E2,-6.870121765E1
3.147746662E1,-4.714350128E1,1.496049500E2,-6.939575195E1
3.148752163E1,-4.707778931E1,1.498681946E2,-6.961746216E1
3.149757662E1,-4.631880951E1,1.498837585E2,-6.929641724E1
3.150763162E1,-4.617031097E1,1.494963684E2,-6.895079041E1
3.151768662E1,-4.582644653E1,1.496400452E2,-6.893435669E1
3.152774163E1,-4.558286285E1,1.496649170E2,-6.912396240E1
3.153779662E1,-4.521406555E1,1.493934631E2,-6.873799133E1
3.154785162E1,-4.496078491E1,1.490634155E2,-6.886688232E1
3.155790663E1,-4.489118958E1,1.489353638E2,-6.888322449E1
3.156796162E1,-4.443140411E1,1.489429626E2,-6.904109192E1
3.157801662E1,-4.411914062E1,1.487681885E2,-6.874760437E1
3.158807163E1,-4.398366547E1,1.484741211E2,-6.857273865E1
3.159812663E1,-4.418106079E1,1.484392090E2,-6.854624939E1
3.160818162E1,-4.431615448E1,1.484496460E2,-6.827751160E1
3.161823662E1,-4.435089111E1,1.483085938E2,-6.842454529E1
3.162829163E1,-4.450270844E1,1.482871399E2,-6.856831360E1
3.163834662E1,-4.479581451E1,1.482306519E2,-6.872895813E1
3.164840162E1,-4.480187225E1,1.484570923E2,-6.885243225E1
3.165845663E1,-4.484841919E1,1.483015747E2,-6.912176514E1
3.166851163E1,-4.489655304E1,1.481790771E2,-6.908583069E1
3.167856662E1,-4.450504303E1,1.482178040E2,-6.902046204E1
3.168862162E1,-4.418044281E1,1.481393738E2,-6.895121765E1
3.169867663E1,-4.418730164E1,1.483924255E2,-6.905377197E1
3.170873162E1,-4.409335327E1,1.492817078E2,-6.919889832E1
3.171878662E1,-4.448352051E1,1.502947083E2,-6.959820557E1
3.172884163E1,-4.621522522E1,1.537256775E2,-7.106056213E1
3.173889663E1,-1.043517303E1,1.303053894E2,-5.725599670E1
3.174895162E1,2.149591446E1,1.304345703E2,-1.935847473E1
3.175900662E1,2.890548706E1,1.202857285E2,9.393852234E0
3.176906163E1,2.726894379E1,1.050927811E2,2.511611938E1
3.177911662E1,2.355906677E1,9.118477631E1,3.350060272E1
3.178917162E1,1.960041046E1,8.078218842E1,3.819103241E1
3.179922663E1,1.507875443E1,7.391486359E1,4.181151581E1
3.180928162E1,1.089918900E1,6.929334259E1,4.503957367E1
3.181933662E1,7.260238647E0,6.535597992E1,4.714893341E1
3.182939162E1,4.210063934E0,6.198188782E1,4.894691467E1
3.183944663E1,2.071529388E0,5.894747925E1,5.021466827E1
3.184950162E1,9.362297058E-1,5.642757416E1,5.076966095E1
3.185955662E1,4.018783569E-2,5.419419861E1,5.087654114E1
3.186961163E1,-8.569488525E-1,5.171188354E1,5.102101135E1
3.187966662E1,-1.663703918E0,4.937776947E1,5.098208618E1
3.188972162E1,-2.527336121E0,4.728285980E1,5.101969147E1
3.189977663E1,-2.909797668E0,4.492810822E1,5.010586548E1
3.190983179E1,-3.242012024E0,4.313999176E1,4.950277710E1
3.191988679E1,-3.536758423E0,4.170658875E1,4.862937927E1
3.192994179E1,-3.488723755E0,4.057397461E1,4.752954102E1
3.193999579E1,-3.208496094E0,3.937223053E1,4.644283295E1
3.195005179E1,-2.849418640E0,3.845408630E1,4.530821991E1
3.196010679E1,-2.362808228E0,3.753288269E1,4.455796051E1
3.197016179E1,-1.678520203E0,3.666255951E1,4.356862640E1
3.198021679E1,-1.098594666E0,3.598207855E1,4.260591888E1
3.199027179E1,-3.258056641E-1,3.560189819E1,4.208839417E1
3.200032679E1,4.245529175E-1,3.490643311E1,4.156160736E1
3.201038179E1,1.444904327E0,3.479773712E1,4.095771027E1
3.202043679E1,2.537597656E0,3.440839386E1,4.021113586E1
3.203049079E1,3.206569672E0,3.440454865E1,3.999868774E1
3.204054679E1,3.956657410E0,3.433795166E1,3.992176056E1
3.205060079E1,4.428554535E0,3.416329193E1,4.006510162E1
3.206065579E1,5.008266449E0,3.400316620E1,4.007785797E1
3.207071079E1,4.921470642E0,3.386729431E1,4.030529785E1
3.208076579E1,5.258121490E0,3.390209961E1,4.034984589E1
3.209082079E1,5.565422058E0,3.393175507E1,4.026340485E1
3.210087579E1,5.925266266E0,3.402191925E1,4.074729156E1
3.211093079E1,5.710048676E0,3.382353973E1,4.077169800E1
3.212098579E1,5.680900574E0,3.379326630E1,4.080609131E1
3.213104079E1,5.628787994E0,3.381916809E1,4.088335419E1
3.214109579E1,5.464473724E0,3.381221771E1,4.118546295E1
3.215115079E1,5.691066742E0,3.380132294E1,4.110960388E1
3.216120579E1,5.344753265E0,3.388494873E1,4.092725372E1
3.217126079E1,4.996257782E0,3.405241394E1,4.090955353E1
3.218131579E1,5.077545166E0,3.407460785E1,4.109796143E1
3.219137079E1,5.017326355E0,3.410149384E1,4.107107544E1
3.220142579E1,4.925357819E0,3.398130035E1,4.111260223E1
3.221148079E1,5.058830261E0,3.400311279E1,4.130509186E1
3.222153579E1,5.107776642E0,3.388284302E1,4.144544220E1
3.223159079E1,5.244731903E0,3.385353088E1,4.163845062E1
3.224164579E1,5.212722778E0,3.384749603E1,4.162741089E1
3.225170079E1,5.277164459E0,3.384614563E1,4.139478302E1
3.226175579E1,5.126754761E0,3.386128235E1,4.112395477E1
3.227181079E1,4.922054291E0,3.372453308E1,4.145751953E1
3.228186579E1,4.913265228E0,3.382936859E1,4.148764038E1
3.229192079E1,4.807586670E0,3.409415436E1,4.119725037E1
3.230197579E1,4.583255768E0,3.418137360E1,4.112030029E1
3.231203079E1,4.550468445E0,3.444546509E1,4.115309143E1
3.232208579E1,4.742099762E0,3.455408478E1,4.089797211E1
3.233214079E1,4.560504913E0,3.432511902E1,4.115900421E1
3.234219579E1,4.467319489E0,3.470445251E1,4.089629364E1
3.235225079E1,4.425067902E0,3.484835052E1,4.077272034E1
3.236230579E1,4.361202240E0,3.494219208E1,4.066942596E1
3.237236079E1,4.400932312E0,3.480641937E1,4.069599915E1
3.238241579E1,4.593490601E0,3.480114746E1,4.086101532E1
3.239247079E1,4.650390625E0,3.485135651E1,4.085030365E1
3.240252579E1,4.648780823E0,3.489177704E1,4.092321777E1
3.241258079E1,4.467346191E0,3.491713715E1,4.095370483E1
3.242263579E1,4.806411743E0,3.502876282E1,4.105619812E1
3.243269079E1,4.749317169E0,3.492955017E1,4.100790405E1
3.244274579E1,4.823593140E0,3.469658661E1,4.117366028E1
3.245280079E1,4.626861572E0,3.490901184E1,4.134291077E1
3.246285579E1,4.836814880E0,3.501190948E1,4.108671570E1
3.247291079E1,4.718997955E0,3.475912476E1,4.146215820E1
3.248296579E1,4.767925262E0,3.463590240E1,4.126209259E1
3.249302079E1,4.817481995E0,3.467455292E1,4.103977203E1
3.250307579E1,4.721572876E0,3.455722046E1,4.118443298E1
3.251313079E1,4.592956543E0,3.430205536E1,4.135289764E1
3.252318579E1,4.953353882E0,3.438677216E1,4.126485443E1
3.253324079E1,5.093063354E0,3.439683533E1,4.135016632E1
3.254329579E1,5.187679291E0,3.431380463E1,4.157890320E1
3.255335079E1,5.015804291E0,3.419404602E1,4.182972717E1
3.256340579E1,4.857715607E0,3.409018707E1,4.175327301E1
3.257346079E1,4.772747040E0,3.389199829E1,4.144951630E1
3.258351579E1,4.775093079E0,3.409503174E1,4.140275574E1
3.259357079E1,4.787429810E0,3.406826019E1,4.187606049E1
3.260362579E1,4.619754791E0,3.367662811E1,4.176023865E1
3.261368079E1,4.716876984E0,3.351852417E1,4.176337433E1
3.262373579E1,4.579524994E0,3.343798828E1,4.183304596E1
3.263379079E1,4.183761597E0,3.341020203E1,4.205832672E1
3.264384579E1,4.168331146E0,3.330632019E1,4.202488708E1
3.265390079E1,4.091545105E0,3.326968384E1,4.205856323E1
3.266395579E1,3.993934631E0,3.328624725E1,4.194628906E1
3.267401079E1,4.036964417E0,3.340126801E1,4.200654602E1
3.268406579E1,3.956153870E0,3.347718811E1,4.222845459E1
3.269412079E1,4.147827148E0,3.339797974E1,4.207090759E1
3.270417579E1,4.221744537E0,3.295536041E1,4.193132782E1
3.271423079E1,3.990501404E0,3.319703674E1,4.221932220E1
3.272428579E1,3.674274445E0,3.304123688E1,4.195050049E1
3.273434079E1,3.921558380E0,3.333449554E1,4.231892395E1
3.274439579E1,3.864711761E0,3.327852631E1,4.229460144E1
3.275445079E1,3.734252930E0,3.334772491E1,4.207426453E1
3.276450579E1,3.649887085E0,3.347673035E1,4.192465210E1
3.277456079E1,3.597923279E0,3.293756104E1,4.238791656E1
3.278461579E1,3.436519623E0,3.275469208E1,4.270639801E1
3.279467079E1,3.417644501E0,3.280055237E1,4.253604889E1
3.280472579E1,3.736038208E0,3.261951447E1,4.253772736E1
3.281478079E1,3.787174225E0,3.221531677E1,4.293177795E1
3.282483579E1,3.950458527E0,3.187709045E1,4.298525238E1
3.283489079E1,4.266948700E0,3.147460175E1,4.342765808E1
3.284494579E1,4.371250153E0,3.113275909E1,4.360655975E1
3.285500079E1,4.698184967E0,3.093918610E1,4.365084839E1
3.286505579E1,4.822368622E0,3.105336761E1,4.365673065E1
3.287511079E1,5.319862366E0,3.127532959E1,4.326929474E1
3.288516579E1,5.568538666E0,3.122228241E1,4.337893677E1
3.289522079E1,5.995014191E0,3.164231110E1,4.313549805E1
3.290527579E1,5.992057800E0,3.181077576E1,4.324993896E1
3.291533100E1,6.043701172E0,3.180393982E1,4.302134705E1
3.292538600E1,6.151535034E0,3.207818604E1,4.298334503E1
3.293544100E1,6.024291992E0,3.211103058E1,4.283583069E1
3.294549600E1,5.600788116E0,3.197085571E1,4.298062134E1
3.295555100E1,5.467189789E0,3.175106049E1,4.278220367E1
3.296560600E1,5.367393494E0,3.177327728E1,4.278224945E1
3.297566100E1,5.130645752E0,3.213944244E1,4.296154785E1
3.298571600E1,5.084117889E0,3.224551392E1,4.280400085E1
3.299577100E1,5.010845184E0,3.229749298E1,4.285894012E1
3.300582600E1,4.851577759E0,3.194487000E1,4.314836884E1
3.301588100E1,4.786392212E0,3.211833191E1,4.291011810E1
3.302593600E1,5.116256714E0,3.185942841E1,4.261808014E1
3.303599100E1,5.004405975E0,3.177542877E1,4.298815155E1
3.304604600E1,5.026966095E0,3.171982574E1,4.296370697E1
3.305610100E1,5.063144684E0,3.143692780E1,4.306014252E1
3.306615600E1,4.953071594E0,3.140667725E1,4.307384491E1
3.307621100E1,4.916152954E0,3.170207977E1,4.283632660E1
3.308626600E1,5.102615356E0,3.164392090E1,4.275137329E1
3.309632100E1,4.995677948E0,3.180348206E1,4.282561493E1
3.310637600E1,5.014907837E0,3.188334656E1,4.269337463E1
3.311643100E1,4.915218353E0,3.219020844E1,4.289933014E1
3.312648600E1,4.963638306E0,3.220754242E1,4.274851990E1
3.313654100E1,5.025527954E0,3.245990753E1,4.288854218E1
3.314659600E1,4.884159088E0,3.234973145E1,4.297475433E1
3.315665100E1,5.090309143E0,3.229174805E1,4.326766968E1
3.316670600E1,5.508533478E0,3.202343750E1,4.295461273E1
3.317676100E1,5.322025299E0,3.192231750E1,4.301916504E1
3.318681600E1,5.539825439E0,3.196594238E1,4.306024170E1
3.319687100E1,5.440711975E0,3.188222504E1,4.302066803E1
3.320692600E1,5.407386780E0,3.190475464E1,4.318733978E1
3.321698100E1,5.217754364E0,3.183850861E1,4.325502777E1
3.322703600E1,5.399406433E0,3.203473663E1,4.301821136E1
3.323709100E1,5.189262390E0,3.222651672E1,4.294590759E1
3.324714600E1,5.588733673E0,3.206713867E1,4.276931763E1
3.325720100E1,5.831333160E0,3.216025543E1,4.247327423E1
3.326725600E1,5.720211029E0,3.227668762E1,4.235946655E1
3.327731100E1,5.475875854E0,3.272846222E1,4.236167145E1
3.328736600E1,4.918315887E0,3.283081818E1,4.222103882E1
3.329742100E1,4.518066406E0,3.289221191E1,4.218365479E1
3.330747600E1,4.507144928E0,3.330583191E1,4.195898438E1
3.331753100E1,4.012184143E0,3.369869232E1,4.177435303E1
3.332758600E1,3.757492065E0,3.398229218E1,4.167799377E1
3.333764100E1,4.023410797E0,3.413319397E1,4.169065857E1
3.334769600E1,4.255935669E0,3.414068604E1,4.174501801E1
3.335775100E1,4.575115204E0,3.402431488E1,4.186356354E1
3.336780600E1,4.836101532E0,3.365209198E1,4.195203400E1
3.337786100E1,4.624534607E0,3.328787994E1,4.227497864E1
3.338791600E1,4.360740662E0,3.311405182E1,4.234894562E1
3.339797100E1,3.860145569E0,3.272039032E1,4.263390350E1
3.340802600E1,3.903327942E0,3.234910583E1,4.289638519E1
3.341808100E1,4.106571198E0,3.201296234E1,4.322039032E1
3.342813600E1,4.005405426E0,3.151940918E1,4.317843628E1
3.343819100E1,4.193328857E0,3.112574005E1,4.342420197E1
3.344824600E1,4.439216614E0,3.100813293E1,4.349192810E1
3.345830100E1,4.314502716E0,3.076485443E1,4.368582916E1
3.346835600E1,4.585330963E0,3.021812439E1,4.409179688E1
3.347841100E1,4.861694336E0,3.012219238E1,4.403691101E1
3.348846600E1,5.186908722E0,2.996611023E1,4.403343964E1
3.349852100E1,5.480136871E0,2.956986237E1,4.446317291E1
3.350857600E1,5.375236511E0,2.934621429E1,4.455445862E1
3.351863100E1,5.646617889E0,2.921244049E1,4.468437958E1
3.352868600E1,5.440345764E0,2.938687897E1,4.451844788E1
3.353874100E1,5.428184509E0,2.928955078E1,4.454269409E1
3.354879600E1,5.207355499E0,2.924859619E1,4.462256622E1
3.355885100E1,5.026481628E0,2.938249969E1,4.485494232E1
3.356890600E1,4.943313599E0,2.956315613E1,4.444256592E1
3.357896100E1,4.679325104E0,2.960829163E1,4.425236511E1
3.358901600E1,4.559448242E0,2.966741943E1,4.459524536E1
3.359907100E1,4.121582031E0,3.003031921E1,4.406592560E1
3.360912600E1,3.954803467E0,3.045792389E1,4.383078766E1
3.361918100E1,3.835124969E0,3.094530487E1,4.374550629E1
3.362923600E1,3.208446503E0,3.141336823E1,4.333214569E1
3.363929100E1,2.852703094E0,3.159905243E1,4.279165649E1
3.364934600E1,2.680793762E0,3.174263000E1,4.236832428E1
3.365940100E1,2.122035980E0,3.206793976E1,4.238500977E1
3.366945600E1,1.799739838E0,3.185577393E1,4.248097992E1
3.367951100E1,1.673873901E0,3.203307343E1,4.211113739E1
3.368956600E1,1.582077026E0,3.219704437E1,4.211977386E1
3.369962100E1,1.330688477E0,3.190753174E1,4.224498749E1
3.370967600E1,1.049072266E0,3.225662231E1,4.217176819E1
3.371973100E1,1.106288910E0,3.203031921E1,4.185190582E1
3.372978600E1,9.604263306E-1,3.216833496E1,4.185749054E1
3.373984100E1,8.968391418E-1,3.220903778E1,4.181408691E1
3.374989600E1,9.390335083E-1,3.222122955E1,4.148910522E1
3.375995100E1,1.158096313E0,3.261816406E1,4.165261841E1
3.377000600E1,1.173866272E0,3.278208160E1,4.185088348E1
3.378006100E1,1.357788086E0,3.323667908E1,4.128421021E1
3.379011600E1,1.081684113E0,3.332145691E1,4.121234131E1
3.380017100E1,1.123889923E0,3.359982300E1,4.088058472E1
3.381022600E1,1.121044159E0,3.395215607E1,4.068865967E1
3.382028100E1,8.092575073E-1,3.400610352E1,4.036185455E1
3.383033600E1,4.755325317E-1,3.416421509E1,4.028548431E1
3.384039100E1,3.597145081E-1,3.456606293E1,4.024262238E1
3.385044600E1,1.615371704E-1,3.493755341E1,3.978302002E1
3.386050100E1,5.289077759E-2,3.517199707E1,3.966643524E1
3.387055600E1,-2.001075745E-1,3.540309143E1,3.932588196E1
3.388061100E1,-1.378364563E-1,3.529477692E1,3.920080566E1
3.389066600E1,-4.305114746E-1,3.557087708E1,3.894729614E1
3.390072100E1,-5.458297729E-1,3.550408936E1,3.912792206E1
3.391077600E1,-5.132751465E-1,3.549892426E1,3.916996765E1
3.392083100E1,-5.376205444E-1,3.540339661E1,3.925334167E1
3.393088600E1,-5.915527344E-1,3.543389893E1,3.914340973E1
3.394094100E1,-8.152923584E-1,3.543444824E1,3.934376526E1
3.395099600E1,-9.434509277E-1,3.556037140E1,3.911975098E1
3.396105100E1,-1.279472351E0,3.566803741E1,3.904962921E1
3.397110600E1,-1.351051331E0,3.562297821E1,3.925991821E1
3.398116100E1,-1.525894165E0,3.554817963E1,3.888661194E1
3.399121600E1,-1.706832886E0,3.552417755E1,3.898731232E1
3.400127100E1,-2.053970337E0,3.542583466E1,3.929751587E1
3.401132500E1,-2.731430054E0,3.546691132E1,3.891766357E1
3.402138100E1,-3.438659668E0,3.566428375E1,3.868480682E1
3.403143600E1,-3.778930664E0,3.555371857E1,3.908408356E1
3.404149100E1,-3.381561279E0,3.538536835E1,3.903298950E1
3.405154600E1,-3.369735718E0,3.534127808E1,3.931758881E1
3.406160100E1,-3.336532593E0,3.534533691E1,3.925600433E1
3.407165500E1,-3.381515503E0,3.541883850E1,3.917951965E1
3.408171000E1,-3.485092163E0,3.553377533E1,3.931130981E1
3.409176600E1,-3.643829346E0,3.561137390E1,3.943093872E1
3.410182000E1,-3.746475220E0,3.539611816E1,3.922183228E1
3.411187500E1,-3.633827209E0,3.544394684E1,3.947914124E1
3.412193000E1,-3.629364014E0,3.533875275E1,3.928825378E1
3.413198500E1,-3.932769775E0,3.527146912E1,3.907983398E1
3.414204000E1,-3.833045959E0,3.550241089E1,3.903105927E1
3.415209500E1,-3.939964294E0,3.543595123E1,3.902590179E1
3.416215000E1,-4.206863403E0,3.554397583E1,3.914620972E1
3.417220500E1,-4.291717529E0,3.544924164E1,3.936638641E1
3.418226000E1,-4.522003174E0,3.559238434E1,3.919425964E1
3.419231500E1,-4.332656860E0,3.551595306E1,3.913438416E1
3.420237000E1,-4.291496277E0,3.559468842E1,3.891873932E1
3.421242500E1,-4.277961731E0,3.549262238E1,3.867340851E1
3.422248000E1,-4.066352844E0,3.520202637E1,3.859676361E1
3.423253500E1,-4.206710815E0,3.544340515E1,3.851657867E1
3.424259000E1,-4.250114441E0,3.555068970E1,3.854492188E1
3.425264500E1,-4.059135437E0,3.532943726E1,3.871311188E1
3.426270000E1,-3.994094849E0,3.536204529E1,3.892104340E1
3.427275500E1,-4.013969421E0,3.535792542E1,3.868985748E1
3.428281000E1,-3.989997864E0,3.534124756E1,3.902993011E1
3.429286500E1,-4.031455994E0,3.547125244E1,3.870323944E1
3.430292000E1,-4.052032471E0,3.543951416E1,3.873851776E1
3.431297500E1,-4.312675476E0,3.533618164E1,3.872325134E1
3.432303000E1,-4.151519775E0,3.533941650E1,3.913462830E1
3.433308500E1,-4.017539978E0,3.531980896E1,3.911549377E1
3.434314000E1,-4.338935852E0,3.526609802E1,3.867893219E1
3.435319500E1,-4.233421326E0,3.506961823E1,3.904924011E1
3.436325000E1,-4.172470093E0,3.524861145E1,3.917831421E1
3.437330500E1,-4.035339355E0,3.525952911E1,3.933930206E1
3.438336000E1,-4.023773193E0,3.519271088E1,3.930268097E1
3.439341500E1,-4.176185608E0,3.542474365E1,3.941556549E1
3.440347000E1,-4.073814392E0,3.528546906E1,3.903578949E1
3.441352500E1,-4.362693787E0,3.504013062E1,3.917617798E1
3.442358000E1,-4.323692322E0,3.530927277E1,3.903487396E1
3.443363500E1,-4.223251343E0,3.532984161E1,3.852753448E1
3.444369000E1,-4.123733521E0,3.549795532E1,3.870138550E1
3.445374500E1,-4.296875000E0,3.555637360E1,3.875629425E1
3.446380000E1,-4.109100342E0,3.539148712E1,3.868811035E1
3.447385500E1,-4.071044922E0,3.527675629E1,3.884676361E1
3.448391000E1,-4.273620605E0,3.540584564E1,3.866171265E1
3.449396500E1,-4.135734558E0,3.537173462E1,3.866764069E1
3.450402000E1,-4.231956482E0,3.562921906E1,3.876961517E1
3.451407500E1,-4.274780273E0,3.538230133E1,3.892080688E1
3.452413000E1,-4.245529175E0,3.534420776E1,3.905171967E1
3.453418500E1,-4.312995911E0,3.526695251E1,3.954596710E1
3.454424000E1,-4.218582153E0,3.548460388E1,3.917651367E1
3.455429500E1,-4.326637268E0,3.547429657E1,3.898983765E1
3.456435000E1,-4.495475769E0,3.561052704E1,3.919544983E1
3.457440500E1,-4.385810852E0,3.530976105E1,3.890788269E1
3.458446000E1,-4.325408936E0,3.540116119E1,3.914089203E1
3.459451500E1,-4.184051514E0,3.543314362E1,3.903439331E1
3.460457000E1,-4.214958191E0,3.540238953E1,3.938689423E1
3.461462500E1,-4.236312866E0,3.534281921E1,3.876779938E1
3.462468000E1,-4.174949646E0,3.551871490E1,3.859815216E1
3.463473500E1,-4.385879517E0,3.559664154E1,3.877797699E1
3.464479000E1,-4.326492310E0,3.552241516E1,3.858489227E1
3.465484500E1,-4.515487671E0,3.553704071E1,3.871130371E1
3.466490000E1,-4.311241150E0,3.538826752E1,3.858568573E1
3.467495500E1,-4.407958984E0,3.539614868E1,3.858143616E1
3.468501000E1,-4.347389221E0,3.518363953E1,3.861983490E1
3.469506500E1,-4.432312012E0,3.521367645E1,3.856652832E1
3.470512000E1,-4.253601074E0,3.516574097E1,3.838558197E1
3.471517500E1,-4.297851562E0,3.540346527E1,3.861965942E1
3.472523000E1,-4.266319275E0,3.553520203E1,3.857597351E1
3.473528500E1,-4.072563171E0,3.543621063E1,3.861246490E1
3.474534000E1,-4.258552551E0,3.551152039E1,3.872686005E1
3.475539500E1,-4.425796509E0,3.543860626E1,3.859474945E1
3.476545000E1,-4.185859680E0,3.537226868E1,3.881169128E1
3.477550500E1,-4.219665527E0,3.536630249E1,3.869529724E1
3.478556000E1,-3.966865540E0,3.541539001E1,3.889046478E1
3.479561500E1,-3.885421753E0,3.533933258E1,3.868096161E1
3.480567000E1,-4.189918518E0,3.538195038E1,3.884451294E1
3.481572500E1,-4.084762573E0,3.544989014E1,3.854899597E1
3.482578000E1,-4.026466370E0,3.545055389E1,3.882952881E1
3.483583500E1,-3.870826721E0,3.526808929E1,3.891338348E1
3.484589000E1,-3.982009888E0,3.515124512E1,3.841796875E1
3.485594500E1,-4.084190369E0,3.525748444E1,3.856073761E1
3.486600000E1,-4.337127686E0,3.539325714E1,3.847377777E1
3.487605500E1,-4.186042786E0,3.543066406E1,3.857621002E1
3.488611000E1,-4.010063171E0,3.552573395E1,3.870020294E1
3.489616500E1,-4.185951233E0,3.537339020E1,3.856768036E1
3.490622000E1,-3.944076538E0,3.538948822E1,3.854417419E1
3.491627454E1,-4.284996033E0,3.539962769E1,3.871549225E1
3.492632954E1,-4.281455994E0,3.524818420E1,3.834561920E1
3.493638454E1,-4.252189636E0,3.551791382E1,3.885986328E1
3.494643954E1,-4.267898560E0,3.558310699E1,3.841413116E1
3.495649454E1,-4.219665527E0,3.546130371E1,3.874662781E1
3.496654954E1,-4.121383667E0,3.528361511E1,3.864108276E1
3.497660454E1,-4.305816650E0,3.533635712E1,3.873805237E1
3.498665954E1,-4.222770691E0,3.552499390E1,3.876136780E1
3.499671454E1,-4.083915710E0,3.540576172E1,3.892108154E1
3.500676954E1,-4.035873413E0,3.525206757E1,3.889299774E1
3.501682454E1,-4.218818665E0,3.558333588E1,3.878871155E1
3.502687954E1,-4.342445374E0,3.553698730E1,3.886840057E1
3.503693454E1,-4.349716187E0,3.554012299E1,3.860840607E1
3.504698954E1,-4.399261475E0,3.554970551E1,3.847542572E1
3.505704454E1,-4.269500732E0,3.538611603E1,3.854628754E1
3.506709954E1,-4.156753540E0,3.523640442E1,3.859827423E1
3.507715454E1,-4.150108337E0,3.541027069E1,3.838745117E1
3.508720954E1,-3.918052673E0,3.538980103E1,3.849618530E1
3.509726454E1,-4.171379089E0,3.563860321E1,3.846233368E1
3.510731954E1,-4.366165161E0,3.558908081E1,3.866078949E1
3.511737454E1,-4.479911804E0,3.552067566E1,3.835803223E1
3.512742954E1,-4.567588806E0,3.556145477E1,3.827742004E1
3.513748454E1,-4.140693665E0,3.566110992E1,3.854067230E1
3.514753954E1,-3.994331360E0,3.573302460E1,3.879874420E1
3.515759454E1,-4.042098999E0,3.562320709E1,3.844964600E1
3.516764954E1,-4.066001892E0,3.567515564E1,3.833231354E1
3.517770454E1,-4.203140259E0,3.563916016E1,3.853830719E1
3.518775954E1,-3.975601196E0,3.542312622E1,3.868941498E1
3.519781454E1,-3.837417603E0,3.546495819E1,3.869322968E1
3.520786954E1,-3.719947815E0,3.548406982E1,3.886887360E1
3.521792454E1,-3.767494202E0,3.564248657E1,3.877072144E1
3.522797954E1,-4.102188110E0,3.567856598E1,3.873271942E1
3.523803454E1,-4.104431152E0,3.549200439E1,3.883058929E1
3.524808954E1,-4.321601868E0,3.544924164E1,3.899151611E1
3.525814454E1,-3.978546143E0,3.556250763E1,3.870505524E1
3.526819954E1,-4.146759033E0,3.567067719E1,3.898052216E1
3.527825454E1,-4.386688232E0,3.568790436E1,3.864478302E1
3.528830954E1,-4.294258118E0,3.543255615E1,3.868561554E1
3.529836454E1,-4.261932373E0,3.568467712E1,3.854765320E1
3.530841954E1,-4.099052429E0,3.567250061E1,3.846410370E1
3.531847454E1,-4.005416870E0,3.550152588E1,3.841425323E1
3.532852954E1,-4.209053040E0,3.537435150E1,3.827304077E1
3.533858454E1,-4.217720032E0,3.555836487E1,3.815074158E1
3.534863954E1,-4.115577698E0,3.539181519E1,3.840376282E1
3.535869454E1,-4.205795288E0,3.550861359E1,3.830142212E1
3.536874954E1,-4.076446533E0,3.562710571E1,3.865653992E1
3.537880454E1,-4.102104187E0,3.549966431E1,3.823965454E1
3.538885954E1,-4.107452393E0,3.545959473E1,3.851451111E1
3.539891454E1,-4.001068115E0,3.530265808E1,3.871647644E1
3.540896954E1,-4.001068115E0,3.530265808E1,3.871647644E1
3.541902454E1,-4.321304321E0,3.537522125E1,3.857991028E1
3.542907954E1,-4.359001160E0,3.559819031E1,3.878672791E1
3.543913454E1,-4.705833435E0,3.564029694E1,3.865316010E1
3.544918954E1,-4.705833435E0,3.564029694E1,3.865316010E1
3.545924454E1,-4.459861755E0,3.543962097E1,3.858229065E1
3.546929954E1,-4.498458862E0,3.543788147E1,3.869132233E1
3.547935454E1,-4.407356262E0,3.569876099E1,3.864532471E1
3.548940954E1,-4.100013733E0,3.564733887E1,3.889692688E1
3.549946454E1,-4.321029663E0,3.545117188E1,3.895925903E1
3.550951954E1,-4.415939331E0,3.564437866E1,3.889924622E1
3.551957454E1,-4.269050598E0,3.545928192E1,3.841143036E1
3.552962954E1,-4.431205750E0,3.553086853E1,3.865599060E1
3.553968454E1,-4.326087952E0,3.540719604E1,3.883250427E1
3.554973954E1,-4.372291565E0,3.556549072E1,3.895438385E1
3.555979454E1,-4.287452698E0,3.567620850E1,3.880342865E1
3.556984954E1,-4.184471130E0,3.530673981E1,3.857239532E1
3.557990454E1,-4.176086426E0,3.533411407E1,3.867927551E1
3.558995954E1,-4.342224121E0,3.555168152E1,3.854299927E1
3.560001454E1,-4.339340210E0,3.547764587E1,3.861620331E1
3.561006954E1,-4.356765747E0,3.545516205E1,3.871027374E1
3.562012454E1,-4.676216125E0,3.535449219E1,3.874023438E1
3.563017954E1,-4.541183472E0,3.539048767E1,3.857330322E1
3.564023454E1,-4.587371826E0,3.543260956E1,3.889067841E1
3.565028954E1,-4.490585327E0,3.537133789E1,3.897629547E1
3.566034454E1,-4.561050415E0,3.539936829E1,3.857738495E1
3.567039954E1,-4.515800476E0,3.553210449E1,3.873321533E1
3.568045454E1,-4.345649719E0,3.576184845E1,3.836251068E1
3.569050954E1,-4.526100159E0,3.549142456E1,3.856389618E1
3.570056454E1,-4.839599609E0,3.570677948E1,3.899649048E1
3.571061954E1,-4.616806030E0,3.570692444E1,3.903285980E1
3.572067454E1,-4.419479370E0,3.573533630E1,3.882399750E1
3.573072954E1,-4.313537598E0,3.545338440E1,3.850196075E1
3.574078454E1,-4.415031433E0,3.547918701E1,3.856709290E1
3.575083954E1,-4.368591309E0,3.577889252E1,3.826955414E1
3.576089454E1,-4.345794678E0,3.564302063E1,3.843273926E1
3.577094954E1,-4.630043030E0,3.569242859E1,3.827547455E1
3.578100454E1,-4.583183289E0,3.561155701E1,3.869895172E1
3.579105954E1,-4.720268250E0,3.565006256E1,3.885887909E1
3.580111454E1,-4.543167114E0,3.569223022E1,3.877967834E1
3.581116954E1,-4.684906006E0,3.540995789E1,3.902053833E1
3.582122454E1,-4.654380798E0,3.531843567E1,3.846025085E1
3.583127954E1,-4.710960388E0,3.545429230E1,3.862262726E1
3.584133454E1,-4.170257568E0,3.520326996E1,3.865216827E1
3.585138954E1,-4.332221985E0,3.547418213E1,3.847565460E1
3.586144454E1,-4.159255981E0,3.558067322E1,3.888006592E1
3.587149954E1,-4.588729858E0,3.547553253E1,3.872006226E1
3.588155454E1,-4.347686768E0,3.537463379E1,3.836938477E1
3.589160954E1,-4.254920959E0,3.543019104E1,3.824346924E1
3.590166454E1,-4.396400452E0,3.558852386E1,3.827413177E1
3.591171954E1,-4.357681274E0,3.559068298E1,3.822268677E1
3.592177475E1,-4.281883240E0,3.552166748E1,3.847084045E1
3.593182975E1,-4.511001587E0,3.527669525E1,3.870851135E1
3.594188475E1,-4.436157227E0,3.529476166E1,3.872200012E1
3.595193975E1,-4.508773804E0,3.534613037E1,3.843586731E1
3.596199475E1,-4.382110596E0,3.528427124E1,3.853092194E1
3.597204975E1,-4.563171387E0,3.539472198E1,3.849687195E1
3.598210475E1,-4.689247131E0,3.542744446E1,3.837058258E1
3.599215975E1,-4.663146973E0,3.542332458E1,3.898826599E1
3.600221475E1,-4.432411194E0,3.544316101E1,3.901793671E1
3.601226975E1,-4.312957764E0,3.552274323E1,3.842326355E1
3.602232475E1,-4.540344238E0,3.554862213E1,3.855606842E1
3.603237975E1,-4.609306335E0,3.546647644E1,3.863213348E1
3.604243475E1,-4.543975830E0,3.543967438E1,3.880926514E1
3.605248975E1,-4.529006958E0,3.553971100E1,3.895373535E1
3.606254475E1,-4.507583618E0,3.537594604E1,3.888668060E1
3.607259975E1,-4.381248474E0,3.538246918E1,3.861571503E1
3.608265475E1,-4.294578552E0,3.533729553E1,3.867904663E1
3.609270975E1,-4.268081665E0,3.538479614E1,3.883515930E1
3.610276475E1,-4.365600586E0,3.539234161E1,3.899955750E1
3.611281975E1,-4.014144897E0,3.506699371E1,3.877310181E1
3.612287475E1,-4.408340454E0,3.531473541E1,3.864500427E1
3.613292975E1,-4.320709229E0,3.527616119E1,3.831555176E1
3.614298475E1,-4.314666748E0,3.518455505E1,3.870163727E1
3.615303975E1,-4.312911987E0,3.525354767E1,3.857705688E1
3.616309475E1,-4.339042664E0,3.526457214E1,3.883536530E1
3.617314975E1,-4.386917114E0,3.526329041E1,3.898341370E1
3.618320475E1,-4.124313354E0,3.532302094E1,3.880851746E1
3.619325975E1,-4.491447449E0,3.516926575E1,3.898790741E1
3.620331475E1,-4.208847046E0,3.529199982E1,3.882237244E1
3.621336975E1,-3.929428101E0,3.514756012E1,3.882962036E1
3.622342475E1,-3.991859436E0,3.511975861E1,3.897516632E1
3.623347975E1,-4.184791565E0,3.520748901E1,3.875128174E1
3.624353475E1,-4.147499084E0,3.538353729E1,3.861978912E1
3.625358975E1,-4.528266907E0,3.541188812E1,3.854251862E1
3.626364475E1,-4.382972717E0,3.525042725E1,3.867835236E1
3.627369975E1,-4.566696167E0,3.529604340E1,3.888445282E1
3.628375475E1,-4.816459656E0,3.535772705E1,3.880512238E1
3.629380975E1,-4.743759155E0,3.523251343E1,3.899259186E1
3.630386475E1,-4.804504395E0,3.509916687E1,3.898636627E1
3.631391975E1,-4.745620728E0,3.499842072E1,3.865487671E1
3.632397475E1,-4.506149292E0,3.498747253E1,3.901908112E1
3.633402975E1,-4.691795349E0,3.474371338E1,3.920410156E1
3.634408475E1,-4.587982178E0,3.453275299E1,3.888156891E1
3.635413975E1,-5.072639465E0,3.471940613E1,3.947280884E1
3.636419475E1,-4.974800110E0,3.462046051E1,3.946588898E1
3.637424975E1,-5.122680664E0,3.463962555E1,3.938417816E1
3.638430475E1,-4.941467285E0,3.465143585E1,3.939721680E1
3.639435975E1,-4.687927246E0,3.454726410E1,3.907231140E1
3.640441475E1,-4.616424561E0,3.451581573E1,3.939604950E1
3.641446975E1,-4.369911194E0,3.453537750E1,3.986307526E1
3.642452475E1,-3.992904663E0,3.462329865E1,3.961204529E1
3.643457975E1,-3.914230347E0,3.494080353E1,3.957354736E1
3.644463475E1,-3.585052490E0,3.523809814E1,3.940606689E1
3.645468975E1,-3.011749268E0,3.559008026E1,3.944120789E1
3.646474475E1,-2.415260315E0,3.560456848E1,3.927242279E1
3.647479975E1,-1.711845398E0,3.565482330E1,3.883729553E1
3.648485475E1,-1.066490173E0,3.571240234E1,3.881606293E1
3.649490975E1,-1.204872131E-1,3.566013336E1,3.904727936E1
3.650496475E1,6.450386047E-1,3.575477600E1,3.919625854E1
3.651501975E1,1.269882202E0,3.585994720E1,3.936429596E1
3.652507475E1,1.667175293E0,3.582031250E1,3.972776794E1
3.653512975E1,2.246395111E0,3.565647888E1,4.022377014E1
3.654518475E1,2.781658173E0,3.539163208E1,4.024179077E1
3.655523975E1,3.165351868E0,3.517720032E1,4.049179077E1
3.656529475E1,3.482482910E0,3.492771912E1,4.064986420E1
3.657534975E1,3.799304962E0,3.436911011E1,4.099865723E1
3.658540475E1,4.176391602E0,3.402118683E1,4.121122742E1
3.659545975E1,4.480812073E0,3.375511169E1,4.149800873E1
3.660551475E1,4.738998413E0,3.335074615E1,4.177577209E1
3.661556975E1,4.774929047E0,3.300917053E1,4.163838196E1
3.662562475E1,5.081249237E0,3.318336487E1,4.152105713E1
3.663567975E1,5.223022461E0,3.298263550E1,4.165206909E1
3.664573475E1,5.558639526E0,3.299700928E1,4.195101166E1
3.665578975E1,5.712703705E0,3.308614349E1,4.205883789E1
3.666584475E1,6.065441132E0,3.327516174E1,4.172844696E1
3.667589975E1,6.349342346E0,3.325241852E1,4.206310272E1
3.668595475E1,6.273136139E0,3.328658295E1,4.179068756E1
3.669600975E1,6.531639099E0,3.317673492E1,4.205580139E1
3.670606475E1,6.771015167E0,3.298975372E1,4.183108521E1
3.671611975E1,6.814964294E0,3.286872864E1,4.204419708E1
3.672617475E1,6.701328278E0,3.272820282E1,4.229138184E1
3.673622975E1,6.931549072E0,3.245589447E1,4.254113770E1
3.674628475E1,6.900074005E0,3.247077179E1,4.281262207E1
3.675633975E1,7.078739166E0,3.228010559E1,4.280917358E1
3.676639475E1,7.228008270E0,3.220866394E1,4.266706848E1
3.677644975E1,7.149738312E0,3.200202179E1,4.282968140E1
3.678650475E1,7.278823853E0,3.185787964E1,4.280719757E1
3.679655975E1,7.163402557E0,3.158513641E1,4.306420135E1
3.680661475E1,7.050212860E0,3.143436432E1,4.306808472E1
3.681666975E1,7.448993683E0,3.150174713E1,4.307771301E1
3.682672475E1,7.598239899E0,3.151239014E1,4.327936554E1
3.683677975E1,7.786861420E0,3.119704437E1,4.313610077E1
3.684683475E1,8.192661285E0,3.118508148E1,4.303980255E1
3.685688975E1,8.048191071E0,3.126329803E1,4.305046082E1
3.686694475E1,8.263687134E0,3.143936157E1,4.318712616E1
3.687699875E1,8.482208252E0,3.158540344E1,4.299911499E1
3.688705475E1,8.668354034E0,3.181349945E1,4.309162903E1
3.689710975E1,8.467666626E0,3.222702026E1,4.283584595E1
3.690716475E1,8.251045227E0,3.222229767E1,4.237243652E1
3.691721963E1,7.445095062E0,3.209638214E1,4.257153320E1
3.692727462E1,6.871490479E0,3.150780487E1,4.316867828E1
3.693732863E1,6.255081177E0,3.085849762E1,4.371221161E1
3.694738463E1,5.981269836E0,3.027378082E1,4.398478699E1
3.695743962E1,5.920906067E0,2.968036652E1,4.435936737E1
3.696749363E1,6.244293213E0,2.930173492E1,4.443234253E1
3.697754963E1,6.515605927E0,2.927015686E1,4.466255188E1
3.698760362E1,6.629543304E0,2.915249634E1,4.479499817E1
3.699765962E1,6.700374603E0,2.922539520E1,4.474619293E1
3.700771363E1,6.800964355E0,2.924659729E1,4.475894928E1
3.701776862E1,6.664550781E0,2.912857056E1,4.472380829E1
3.702782362E1,6.570003510E0,2.917222595E1,4.479051208E1
3.703787863E1,6.087020874E0,2.913192749E1,4.465397644E1
3.704793362E1,5.876281738E0,2.897680664E1,4.495740509E1
3.705798862E1,5.380058289E0,2.891466522E1,4.534512329E1
3.706804362E1,5.388385773E0,2.907912445E1,4.529987335E1
3.707809863E1,5.216636658E0,2.885243988E1,4.551529694E1
3.708815362E1,5.269088745E0,2.893997192E1,4.525582886E1
3.709820862E1,5.051570892E0,2.894654846E1,4.512469482E1
3.710826363E1,5.259483337E0,2.889220428E1,4.515877533E1
3.711831862E1,5.223232269E0,2.865550995E1,4.535562897E1
3.712837362E1,5.534271240E0,2.849759674E1,4.509798431E1
3.713842863E1,5.700725555E0,2.845945740E1,4.483397675E1
3.714848363E1,5.673236847E0,2.832283783E1,4.511794281E1
3.715853862E1,5.827186584E0,2.811021423E1,4.527476501E1
3.716859362E1,6.315196991E0,2.796186829E1,4.554735565E1
3.717864863E1,6.363323212E0,2.790284729E1,4.547553253E1
3.718870362E1,6.325214386E0,2.769149017E1,4.552323151E1
3.719875862E1,6.402862549E0,2.775103760E1,4.545608521E1
3.720881363E1,6.439044952E0,2.803364563E1,4.545760345E1
3.721886863E1,6.286159515E0,2.785916138E1,4.543316650E1
3.722892362E1,6.118335724E0,2.764780426E1,4.540574646E1
3.723897862E1,6.004878998E0,2.762104034E1,4.592070770E1
3.724903363E1,5.763721466E0,2.767689514E1,4.610326385E1
3.725908862E1,5.605178833E0,2.770452118E1,4.610527802E1
3.726914362E1,5.304775238E0,2.767568970E1,4.573710632E1
3.727919863E1,5.441745758E0,2.764382935E1,4.588864136E1
3.728925363E1,5.558811188E0,2.747669983E1,4.592814636E1
3.729930862E1,5.587085724E0,2.729738617E1,4.604827881E1
3.730936362E1,5.575649261E0,2.746556854E1,4.582680511E1
3.731941863E1,5.624614716E0,2.768956757E1,4.541172791E1
3.732947362E1,5.397918701E0,2.780090332E1,4.572938538E1
3.733952862E1,5.395805359E0,2.804622650E1,4.574021149E1
3.734958363E1,5.385120392E0,2.803350830E1,4.550930786E1
3.735963862E1,5.403362274E0,2.775790405E1,4.569322968E1
3.736969362E1,5.410202026E0,2.797241211E1,4.566078949E1
3.737974862E1,5.417072296E0,2.784414673E1,4.533958435E1
3.738980363E1,5.527164459E0,2.816780853E1,4.553019714E1
3.739985862E1,5.693637848E0,2.813540649E1,4.524245453E1
3.740991362E1,5.818935394E0,2.848136139E1,4.520225525E1
3.741996863E1,5.888782501E0,2.868367004E1,4.501743317E1
3.743002362E1,5.948581696E0,2.870301819E1,4.522740936E1
3.744007862E1,5.916393280E0,2.876362610E1,4.519225311E1
3.745013363E1,6.144798279E0,2.862581635E1,4.542409515E1
3.746018863E1,6.121513367E0,2.852422333E1,4.533515930E1
3.747024362E1,6.157283783E0,2.838634491E1,4.515862274E1
3.748029862E1,6.078533173E0,2.842637634E1,4.514545441E1
3.749035363E1,6.088703156E0,2.850684357E1,4.481586456E1
3.750040862E1,6.119457245E0,2.833740234E1,4.475675201E1
3.751046362E1,5.846389771E0,2.840758514E1,4.404063416E1
3.752051863E1,5.497398376E0,2.848438263E1,4.409784698E1
3.753057363E1,5.436912537E0,2.846067047E1,4.359722137E1
3.754062862E1,5.314785004E0,2.818614197E1,4.352518463E1
3.755068362E1,4.866767883E0,2.812322998E1,4.294486237E1
3.756073863E1,4.032066345E0,2.809399414E1,4.282394409E1
3.757079362E1,2.714027405E0,2.822879791E1,4.234806061E1
3.758084862E1,1.082000732E0,2.854669189E1,4.196481323E1
3.759090363E1,-1.010055542E0,2.852490997E1,4.174376678E1
3.760095863E1,-3.346946716E0,2.887761688E1,4.177013397E1
3.761101362E1,-6.307693481E0,2.981260681E1,4.196514130E1
3.762106862E1,-9.647628784E0,3.135417938E1,4.333429718E1
3.763112363E1,-1.288056946E1,3.331150055E1,4.495386505E1
3.764117862E1,-1.618236542E1,3.602843475E1,4.655211639E1
3.765123362E1,-1.863704681E1,3.944480133E1,4.870128632E1
3.766128863E1,-2.056836700E1,4.333185577E1,5.132765961E1
3.767134362E1,-2.167055511E1,4.704613495E1,5.404928589E1
3.768139862E1,-2.234729004E1,5.094307709E1,5.655673218E1
3.769145362E1,-2.231475830E1,5.434183502E1,5.938497925E1
3.770150863E1,-2.236752319E1,5.767784882E1,6.183979797E1
3.771156362E1,-2.224382019E1,6.153813934E1,6.382480621E1
3.772161862E1,-2.166146851E1,6.573250580E1,6.518058777E1
3.773167363E1,-2.160011292E1,7.082186127E1,6.631890869E1
3.774172862E1,-2.175125122E1,7.689589691E1,6.622902679E1
3.775178362E1,-2.178244019E1,8.409918976E1,6.422320557E1
3.776183863E1,-2.084409332E1,9.202567291E1,5.955402374E1
3.777189363E1,-1.903122711E1,9.997943878E1,5.187408447E1
3.778194862E1,-1.549188995E1,1.058973312E2,4.078170013E1
3.779200362E1,-9.965988159E0,1.089030075E2,2.719961548E1
3.780205863E1,-2.093643188E0,1.083532181E2,1.205877686E1
3.781211362E1,5.561256409E0,1.047692184E2,-3.636413574E0
3.782216862E1,7.875457764E0,9.775630951E1,-1.776379395E1
3.783222363E1,5.651035309E0,9.136830902E1,-2.869721985E1
3.784227863E1,-5.186691284E-1,9.409917450E1,-4.084124756E1
3.785233362E1,-3.428825378E0,9.418967438E1,-4.459403992E1
3.786238862E1,-4.211143494E0,9.457907867E1,-4.595655823E1
3.787244363E1,-4.240646362E0,9.462075043E1,-4.637033081E1
3.788249862E1,-4.492660522E0,9.474301910E1,-4.629225159E1
3.789255362E1,-4.302391052E0,9.485056305E1,-4.638230896E1
3.790260863E1,-4.237098694E0,9.543361664E1,-4.653495789E1
3.791266363E1,-4.115539551E0,9.609615326E1,-4.675201416E1
3.792271862E1,-4.469039917E0,9.651673126E1,-4.718275452E1
3.793277362E1,-4.365013123E0,9.663660431E1,-4.725529480E1
3.794282863E1,-4.127418518E0,9.681410980E1,-4.750157166E1
3.795288362E1,-4.108154297E0,9.698831940E1,-4.770556641E1
3.796293862E1,-4.238029480E0,9.703185272E1,-4.784950256E1
3.797299363E1,-3.742477417E0,9.729782867E1,-4.801406860E1
3.798304862E1,-3.169029236E0,9.775434113E1,-4.812913513E1
3.799310362E1,-2.057075500E0,9.885367584E1,-4.898171997E1
3.800315862E1,-1.462516785E0,9.939687347E1,-4.915203857E1
3.801321363E1,-1.380447388E0,9.971976471E1,-4.952870178E1
3.802326862E1,-1.228073120E0,9.973354340E1,-4.963438416E1
3.803332362E1,-1.210922241E0,9.993721771E1,-4.994189453E1
3.804337863E1,-9.762420654E-1,1.009703903E2,-5.039160156E1
3.805343362E1,-7.415771484E-1,1.022780838E2,-5.098074341E1
3.806348862E1,-5.621337891E-1,1.039381485E2,-5.150907898E1
3.807354363E1,-4.802703857E-1,1.060685959E2,-5.228155518E1
3.808359863E1,-6.838378906E-1,1.080830917E2,-5.275590515E1
3.809365362E1,-1.403327942E0,1.099139938E2,-5.306689453E1
3.810370862E1,-2.234428406E0,1.122692642E2,-5.374667358E1
3.811376363E1,-3.539482117E0,1.154849014E2,-5.463566589E1
3.812381862E1,-8.143653870E0,1.221400833E2,-5.610575867E1
3.813387362E1,-2.812721252E1,1.395664978E2,-6.599884033E1
3.814392863E1,-3.741452026E1,1.441536560E2,-6.677355957E1
3.815398363E1,-3.995162201E1,1.457011719E2,-6.700680542E1
3.816403862E1,-4.119991302E1,1.464477539E2,-6.710911560E1
3.817409362E1,-4.176978302E1,1.472543945E2,-6.709313965E1
3.818414863E1,-4.209378815E1,1.477117920E2,-6.739083862E1
3.819420362E1,-4.230580902E1,1.480123901E2,-6.791775513E1
3.820425862E1,-4.209399414E1,1.480397034E2,-6.802145386E1
3.821431363E1,-4.174946594E1,1.478466187E2,-6.815362549E1
3.822436863E1,-4.163314056E1,1.476168213E2,-6.797587585E1
3.823442362E1,-4.143704224E1,1.472792358E2,-6.784808350E1
3.824447862E1,-4.119463348E1,1.469135132E2,-6.770793152E1
3.825453363E1,-4.095448303E1,1.468423462E2,-6.737741089E1
3.826458862E1,-4.089621735E1,1.469109192E2,-6.741761780E1
3.827464362E1,-4.094620514E1,1.469559631E2,-6.751701355E1
3.828469863E1,-4.081587982E1,1.469851074E2,-6.717341614E1
3.829475362E1,-4.103508759E1,1.471012573E2,-6.707640076E1
3.830480862E1,-4.110370636E1,1.472704773E2,-6.747804260E1
3.831486362E1,-4.112319946E1,1.477335510E2,-6.776467896E1
3.832491863E1,-4.152478027E1,1.475155334E2,-6.761485291E1
3.833497362E1,-4.160375977E1,1.476770935E2,-6.770919800E1
3.834502862E1,-4.170439911E1,1.476714172E2,-6.773365784E1
3.835508363E1,-4.201628113E1,1.474784546E2,-6.766113281E1
3.836513862E1,-4.182441711E1,1.473617554E2,-6.776481628E1
3.837519362E1,-4.195754242E1,1.473423462E2,-6.760784912E1
3.838524863E1,-4.171685791E1,1.474604492E2,-6.756114197E1
3.839530363E1,-4.162274933E1,1.470315247E2,-6.742277527E1
3.840535862E1,-4.137525177E1,1.468027649E2,-6.733998108E1
3.841541362E1,-4.159398651E1,1.467312317E2,-6.710737610E1
3.842546863E1,-4.143867493E1,1.465115967E2,-6.704495239E1
3.843552362E1,-4.142430115E1,1.462838135E2,-6.678665161E1
3.844557862E1,-4.128577423E1,1.465916748E2,-6.651606750E1
3.845563363E1,-4.120800018E1,1.467709045E2,-6.696977234E1
3.846568863E1,-4.153372192E1,1.467649536E2,-6.648936462E1
3.847574362E1,-4.172821808E1,1.467282410E2,-6.704087830E1
3.848579862E1,-4.171730042E1,1.465703430E2,-6.711584473E1
3.849585363E1,-4.159183502E1,1.465386047E2,-6.701806641E1
3.850590862E1,-4.140736389E1,1.465232544E2,-6.684928894E1
3.851596362E1,-4.153147125E1,1.463623047E2,-6.704626465E1
3.852601863E1,-4.106984711E1,1.467277832E2,-6.729907227E1
3.853607363E1,-4.108934021E1,1.470516663E2,-6.753610229E1
3.854612862E1,-4.134036255E1,1.473954773E2,-6.764550781E1
3.855618362E1,-4.130695343E1,1.475339355E2,-6.775407410E1
3.856623863E1,-4.146309662E1,1.477778320E2,-6.774032593E1
3.857629362E1,-4.154081726E1,1.476930542E2,-6.802925110E1
3.858634862E1,-4.158656311E1,1.478551941E2,-6.790718079E1
3.859640363E1,-4.149114227E1,1.477567139E2,-6.773451233E1
3.860645862E1,-4.166353607E1,1.476993408E2,-6.767907715E1
3.861651362E1,-4.173970795E1,1.476487427E2,-6.737826538E1
3.862656862E1,-4.232769012E1,1.477254639E2,-6.709439087E1
3.863662363E1,-4.264310455E1,1.477183228E2,-6.721984863E1
3.864667862E1,-4.300610352E1,1.477950439E2,-6.747113037E1
3.865673362E1,-4.332098389E1,1.477879639E2,-6.743878174E1
3.866678863E1,-4.370735931E1,1.480716248E2,-6.758343506E1
3.867684362E1,-4.381561279E1,1.482441101E2,-6.760227966E1
3.868689862E1,-4.395112610E1,1.483648376E2,-6.760279846E1
3.869695363E1,-4.401927948E1,1.484255066E2,-6.783885193E1
3.870700863E1,-4.405422211E1,1.486246033E2,-6.816821289E1
3.871706362E1,-4.429461670E1,1.486944885E2,-6.793518066E1
3.872711862E1,-4.425218201E1,1.486155090E2,-6.769119263E1
3.873717363E1,-4.444252777E1,1.481983948E2,-6.754725647E1
3.874722862E1,-4.427404785E1,1.480172424E2,-6.782649231E1
3.875728362E1,-4.366000366E1,1.478682251E2,-6.780470276E1
3.876733863E1,-4.364648438E1,1.477556152E2,-6.754591370E1
3.877739363E1,-4.345111847E1,1.474592590E2,-6.722709656E1
3.878744862E1,-4.373487091E1,1.471687012E2,-6.694712830E1
3.879750362E1,-4.435581970E1,1.469367981E2,-6.669793701E1
3.880755863E1,-4.472377014E1,1.466568909E2,-6.661141968E1
3.881761362E1,-4.536751556E1,1.464015808E2,-6.614657593E1
3.882766862E1,-4.562871552E1,1.460509644E2,-6.628410339E1
3.883772363E1,-4.589703369E1,1.463218689E2,-6.630905151E1
3.884777863E1,-4.670972443E1,1.463616638E2,-6.632775879E1
3.885783362E1,-4.684188080E1,1.466551208E2,-6.635888672E1
3.886788862E1,-4.740214539E1,1.470927124E2,-6.605267334E1
3.887794363E1,-4.746714783E1,1.472475586E2,-6.694879150E1
3.888799862E1,-4.821615601E1,1.474931030E2,-6.723864746E1
3.889805362E1,-4.836810303E1,1.477825928E2,-6.756414795E1
3.890810863E1,-4.852598572E1,1.482874756E2,-6.772895813E1
3.891816337E1,-4.868035126E1,1.484202271E2,-6.791072083E1
3.892821837E1,-4.897165680E1,1.487357178E2,-6.790277100E1
3.893827338E1,-4.924674225E1,1.488550415E2,-6.818222046E1
3.894832838E1,-4.979730988E1,1.490086365E2,-6.849423218E1
3.895838337E1,-5.004676056E1,1.489710999E2,-6.876586914E1
3.896843837E1,-5.066850281E1,1.492914734E2,-6.851747131E1
3.897849338E1,-5.096917725E1,1.490038452E2,-6.874380493E1
3.898854837E1,-5.150144958E1,1.491259460E2,-6.880673218E1
3.899860337E1,-5.149935913E1,1.492915955E2,-6.877169800E1
3.900865838E1,-5.190909576E1,1.493390198E2,-6.914268494E1
3.901871338E1,-5.230361176E1,1.495462036E2,-6.925578308E1
3.902876837E1,-5.221272278E1,1.496434937E2,-6.955247498E1
3.903882337E1,-5.219342804E1,1.499519653E2,-6.954809570E1
3.904887838E1,-5.242871857E1,1.500933838E2,-6.983164978E1
3.905893337E1,-5.269184113E1,1.500875854E2,-7.013072205E1
3.906898837E1,-5.322046661E1,1.503613586E2,-7.020217896E1
3.907904338E1,-5.314617157E1,1.506943970E2,-7.005445862E1
3.908909837E1,-5.325566864E1,1.508241882E2,-7.032083130E1
3.909915337E1,-5.320428467E1,1.511965942E2,-7.077194214E1
3.910920837E1,-5.288524628E1,1.514522400E2,-7.078694153E1
3.911926338E1,-5.299345398E1,1.517273560E2,-7.131678772E1
3.912931837E1,-5.307209015E1,1.519228821E2,-7.148284912E1
3.913937337E1,-5.293608856E1,1.518526611E2,-7.160345459E1
3.914942838E1,-5.308680725E1,1.517807312E2,-7.120057678E1
3.915948337E1,-5.303535461E1,1.517363281E2,-7.114299011E1
3.916953837E1,-5.289977264E1,1.519937744E2,-7.111082458E1
3.917959338E1,-5.293952942E1,1.521373901E2,-7.149966431E1
3.918964838E1,-5.312502289E1,1.521572571E2,-7.130751038E1
3.919970337E1,-5.307514954E1,1.522215271E2,-7.141487122E1
3.920975837E1,-5.283329773E1,1.523617859E2,-7.148828125E1
3.921981338E1,-5.298062897E1,1.523316040E2,-7.164686584E1
3.922986837E1,-5.318240356E1,1.522276306E2,-7.166467285E1
3.923992337E1,-5.317136383E1,1.521385193E2,-7.217385864E1
3.924997838E1,-5.300516510E1,1.522754517E2,-7.219905090E1
3.926003338E1,-5.268217468E1,1.523039551E2,-7.204222107E1
3.927008837E1,-5.261923981E1,1.523841248E2,-7.176965332E1
3.928014337E1,-5.282571411E1,1.521721802E2,-7.196411133E1
3.929019838E1,-5.272609711E1,1.522090759E2,-7.175604248E1
3.930025337E1,-5.275588989E1,1.522906799E2,-7.212600708E1
3.931030837E1,-5.293041992E1,1.522130737E2,-7.195892334E1
3.932036338E1,-5.279919434E1,1.519579773E2,-7.173989868E1
3.933041838E1,-5.301774597E1,1.521306458E2,-7.164813232E1
3.934047337E1,-5.304631042E1,1.520890198E2,-7.173733521E1
3.935052837E1,-5.288911438E1,1.521813354E2,-7.179379272E1
3.936058338E1,-5.288989258E1,1.523134155E2,-7.197799683E1
3.937063837E1,-5.293103790E1,1.522858887E2,-7.170347595E1
3.938069337E1,-5.292588806E1,1.523639221E2,-7.173326111E1
3.939074838E1,-5.283916473E1,1.523161621E2,-7.172561646E1
3.940080337E1,-5.281518555E1,1.520746155E2,-7.163734436E1
3.941085837E1,-5.273608398E1,1.521669312E2,-7.187521362E1
3.942091337E1,-5.273080444E1,1.520372009E2,-7.186984253E1
3.943096838E1,-5.297090912E1,1.520811462E2,-7.192601013E1
3.944102337E1,-5.302572632E1,1.520187988E2,-7.183439636E1
3.945107837E1,-5.301068878E1,1.521010132E2,-7.162976074E1
3.946113338E1,-5.284288788E1,1.521871643E2,-7.176062012E1
3.947118837E1,-5.297155762E1,1.521520386E2,-7.157676697E1
3.948124337E1,-5.311534882E1,1.522409668E2,-7.166462708E1
3.949129838E1,-5.304543304E1,1.522266846E2,-7.161405945E1
3.950135338E1,-5.308899689E1,1.521834412E2,-7.139440918E1
3.951140837E1,-5.291630554E1,1.522540283E2,-7.152246094E1
3.952146337E1,-5.284136200E1,1.522005005E2,-7.139196777E1
3.953151838E1,-5.274738312E1,1.523132019E2,-7.159802246E1
3.954157337E1,-5.300995636E1,1.520725403E2,-7.154928589E1
3.955162837E1,-5.278089142E1,1.521460266E2,-7.177993774E1
3.956168338E1,-5.280738831E1,1.521810913E2,-7.200651550E1
3.957173838E1,-5.292179108E1,1.522894287E2,-7.201651001E1
3.958179337E1,-5.282370758E1,1.523862610E2,-7.205133057E1
3.959184837E1,-5.293591309E1,1.522182617E2,-7.202593994E1
3.960190338E1,-5.278773499E1,1.523268433E2,-7.204243469E1
3.961195837E1,-5.267176819E1,1.523717651E2,-7.191912842E1
3.962201337E1,-5.262915802E1,1.523140564E2,-7.182920837E1
3.963206838E1,-5.269709778E1,1.523975830E2,-7.185241699E1
3.964212338E1,-5.276217651E1,1.523917542E2,-7.155975342E1
3.965217837E1,-5.252677917E1,1.524956665E2,-7.165727234E1
3.966223337E1,-5.273419952E1,1.523673096E2,-7.137753296E1
3.967228838E1,-5.272195435E1,1.524517517E2,-7.175624084E1
3.968234337E1,-5.279681396E1,1.525283203E2,-7.175465393E1
3.969239837E1,-5.288733673E1,1.524817810E2,-7.217860413E1
3.970245338E1,-5.274700165E1,1.522149353E2,-7.200613403E1
3.971250837E1,-5.282416534E1,1.523341064E2,-7.202226257E1
3.972256337E1,-5.269361877E1,1.522410889E2,-7.168669128E1
3.973261837E1,-5.274793243E1,1.522582703E2,-7.166346741E1
3.974267338E1,-5.287412262E1,1.522691040E2,-7.164054871E1
3.975272837E1,-5.271007538E1,1.523962402E2,-7.177508545E1
3.976278337E1,-5.269735718E1,1.522490234E2,-7.202320862E1
3.977283838E1,-5.290209961E1,1.522053223E2,-7.180368042E1
3.978289337E1,-5.272412872E1,1.522793579E2,-7.165458679E1
3.979294837E1,-5.298840332E1,1.525270081E2,-7.194401550E1
3.980300338E1,-5.249786377E1,1.526250000E2,-7.173304749E1
3.981305838E1,-5.269760895E1,1.524537048E2,-7.170222473E1
3.982311337E1,-5.290104675E1,1.527087097E2,-7.180677795E1
3.983316837E1,-5.288945770E1,1.525724487E2,-7.159463501E1
3.984322338E1,-5.299003601E1,1.525187378E2,-7.123902893E1
3.985327837E1,-5.295662689E1,1.524574280E2,-7.134913635E1
3.986333337E1,-5.306194305E1,1.524199219E2,-7.140786743E1
3.987338838E1,-5.310722351E1,1.525360107E2,-7.135731506E1
3.988344338E1,-5.306309509E1,1.524371033E2,-7.145178223E1
3.989349837E1,-5.272842407E1,1.525125122E2,-7.157626343E1
3.990355337E1,-5.261185455E1,1.523423462E2,-7.192826843E1
3.991360838E1,-5.288864136E1,1.524414062E2,-7.137472534E1
3.992366425E1,-5.295294952E1,1.524438477E2,-7.149554443E1
3.993371925E1,-5.280462646E1,1.522036438E2,-7.174891663E1
3.994377425E1,-5.285440063E1,1.522790222E2,-7.194795227E1
3.995382925E1,-5.265393066E1,1.523198242E2,-7.193040466E1
3.996388425E1,-5.276770020E1,1.523477783E2,-7.173728943E1
3.997393925E1,-5.259967804E1,1.521987915E2,-7.200981140E1
3.998399425E1,-5.270502472E1,1.521673584E2,-7.161373901E1
3.999404925E1,-5.294007874E1,1.521123657E2,-7.188005066E1
4.000410425E1,-5.280442047E1,1.520131836E2,-7.146983337E1
4.001415925E1,-5.287560272E1,1.521261292E2,-7.162580872E1
4.002421425E1,-5.301115417E1,1.520953064E2,-7.127847290E1
4.003426925E1,-5.288172913E1,1.522581482E2,-7.129138184E1
4.004432425E1,-5.264466095E1,1.523911743E2,-7.183947754E1
4.005437925E1,-5.260054779E1,1.523421326E2,-7.165101624E1
4.006443425E1,-5.266190338E1,1.523706970E2,-7.145527649E1
4.007448925E1,-5.256987000E1,1.524172668E2,-7.150120544E1
4.008454425E1,-5.259356689E1,1.523864136E2,-7.168275452E1
4.009459925E1,-5.266623688E1,1.525262451E2,-7.186242676E1
4.010465425E1,-5.269606018E1,1.524731445E2,-7.178964233E1
4.011470925E1,-5.279940796E1,1.522185059E2,-7.169642639E1
4.012476425E1,-5.272035980E1,1.524109192E2,-7.169387817E1
4.013481925E1,-5.267452240E1,1.523787842E2,-7.197349548E1
4.014487425E1,-5.268906403E1,1.525178833E2,-7.192018127E1
4.015492925E1,-5.254462433E1,1.526617126E2,-7.229504395E1
4.016498425E1,-5.264126587E1,1.523653259E2,-7.159980774E1
4.017503925E1,-5.250081635E1,1.522379761E2,-7.164810181E1
4.018509425E1,-5.254217529E1,1.523663330E2,-7.150801086E1
4.019514925E1,-5.256565857E1,1.524084778E2,-7.175985718E1
4.020520425E1,-5.284365845E1,1.524292297E2,-7.187016296E1
4.021525925E1,-5.275275421E1,1.523014526E2,-7.177270508E1
4.022531425E1,-5.274509430E1,1.521693726E2,-7.139767456E1
4.023536925E1,-5.278337860E1,1.520784607E2,-7.134671021E1
4.024542425E1,-5.267616272E1,1.522296753E2,-7.156642151E1
4.025547925E1,-5.263961029E1,1.521191101E2,-7.160125732E1
4.026553425E1,-5.252194977E1,1.521124878E2,-7.140380859E1
4.027558925E1,-5.261444855E1,1.523602600E2,-7.184153748E1
4.028564425E1,-5.269728851E1,1.521634216E2,-7.125282288E1
4.029569925E1,-5.267056274E1,1.521722412E2,-7.167669678E1
4.030575425E1,-5.244681549E1,1.522534485E2,-7.166812134E1
4.031580925E1,-5.241882324E1,1.523449707E2,-7.174421692E1
4.032586425E1,-5.264237976E1,1.524483032E2,-7.155453491E1
4.033591925E1,-5.240649414E1,1.523711548E2,-7.168704224E1
4.034597425E1,-5.278291321E1,1.523769836E2,-7.169546509E1
4.035602925E1,-5.297649384E1,1.523660889E2,-7.140388489E1
4.036608425E1,-5.304286194E1,1.525372620E2,-7.191984558E1
4.037613925E1,-5.306777954E1,1.524837646E2,-7.191960144E1
4.038619425E1,-5.305659485E1,1.524554749E2,-7.161276245E1
4.039624925E1,-5.294703674E1,1.525414124E2,-7.156050110E1
4.040630425E1,-5.298396301E1,1.524829102E2,-7.192738342E1
4.041635925E1,-5.277246857E1,1.525216064E2,-7.142935181E1
4.042641425E1,-5.276776123E1,1.524573975E2,-7.119062805E1
4.043646925E1,-5.288243103E1,1.523931580E2,-7.150128174E1
4.044652425E1,-5.269935608E1,1.526045837E2,-7.122169495E1
4.045657925E1,-5.264917755E1,1.527915955E2,-7.124073792E1
4.046663425E1,-5.261965942E1,1.526310120E2,-7.103587341E1
4.047668925E1,-5.289108276E1,1.523521423E2,-7.152471924E1
4.048674425E1,-5.288765717E1,1.525145874E2,-7.201504517E1
4.049679925E1,-5.303507996E1,1.524898987E2,-7.149259949E1
4.050685425E1,-5.271605682E1,1.524331360E2,-7.130322266E1
4.051690925E1,-5.294809723E1,1.523742371E2,-7.140289307E1
4.052696425E1,-5.282778931E1,1.524711609E2,-7.162213135E1
4.053701925E1,-5.297281647E1,1.524479370E2,-7.190560913E1
4.054707425E1,-5.313017273E1,1.525658264E2,-7.175663757E1
4.055712925E1,-5.288995361E1,1.526134033E2,-7.165916443E1
4.056718425E1,-5.300061798E1,1.524383545E2,-7.176005554E1
4.057723925E1,-5.307604980E1,1.525115051E2,-7.209237671E1
4.058729425E1,-5.285317993E1,1.525638733E2,-7.202412415E1
4.059734925E1,-5.276437378E1,1.525687561E2,-7.196699524E1
4.060740425E1,-5.262753296E1,1.527466431E2,-7.182502747E1
4.061745925E1,-5.276476288E1,1.527132263E2,-7.177529907E1
4.062751425E1,-5.273131561E1,1.527505188E2,-7.176722717E1
4.063756925E1,-5.281007385E1,1.525187073E2,-7.158839417E1
4.064762425E1,-5.304515839E1,1.525450745E2,-7.179740906E1
4.065767925E1,-5.321080780E1,1.524602356E2,-7.156376648E1
4.066773425E1,-5.326678467E1,1.524610901E2,-7.149533081E1
4.067778925E1,-5.313142395E1,1.524582520E2,-7.154737854E1
4.068784425E1,-5.297863770E1,1.522900391E2,-7.198600769E1
4.069789925E1,-5.292099762E1,1.525018921E2,-7.195040894E1
4.070795425E1,-5.278063202E1,1.524814148E2,-7.164866638E1
4.071800925E1,-5.292151642E1,1.524892883E2,-7.198101807E1
4.072806425E1,-5.297666168E1,1.525238037E2,-7.200431824E1
4.073811925E1,-5.283561707E1,1.526686707E2,-7.197721863E1
4.074817425E1,-5.276961517E1,1.525986633E2,-7.233381653E1
4.075822925E1,-5.293207550E1,1.524627686E2,-7.178465271E1
4.076828425E1,-5.278903961E1,1.523770142E2,-7.140824890E1
4.077833925E1,-5.294068146E1,1.523536377E2,-7.164646912E1
4.078839425E1,-5.289890289E1,1.525313110E2,-7.184461975E1
4.079844925E1,-5.286454010E1,1.522215271E2,-7.173898315E1
4.080850425E1,-5.301230621E1,1.523199463E2,-7.196881104E1
4.081855925E1,-5.289393616E1,1.524359436E2,-7.198095703E1
4.082861425E1,-5.302657318E1,1.525727539E2,-7.181849670E1
4.083866925E1,-5.303034973E1,1.524875183E2,-7.140693665E1
4.084872425E1,-5.269361115E1,1.524949341E2,-7.144517517E1
4.085877925E1,-5.289206696E1,1.522239380E2,-7.147248840E1
4.086883425E1,-5.260363007E1,1.522251282E2,-7.197409058E1
4.087888925E1,-5.292558289E1,1.522911987E2,-7.196365356E1
4.088894425E1,-5.252421570E1,1.523227844E2,-7.180508423E1
4.089899925E1,-5.277582550E1,1.523873596E2,-7.165095520E1
4.090905425E1,-5.275727081E1,1.523962402E2,-7.159600830E1
4.091910900E1,-5.278231049E1,1.523699951E2,-7.187281799E1
4.092916400E1,-5.269374084E1,1.524534607E2,-7.174650574E1
4.093921900E1,-5.301717377E1,1.522833862E2,-7.169458008E1
4.094927400E1,-5.282610321E1,1.522845154E2,-7.182868958E1
4.095932900E1,-5.295133209E1,1.523341370E2,-7.137165833E1
4.096938400E1,-5.298146057E1,1.522439575E2,-7.129968262E1
4.097943900E1,-5.292747498E1,1.523953857E2,-7.145306396E1
4.098949400E1,-5.297834778E1,1.524339905E2,-7.148794556E1
4.099954900E1,-5.285384369E1,1.524516602E2,-7.163706970E1
4.100960400E1,-5.266806793E1,1.524762573E2,-7.165060425E1
4.101965900E1,-5.295098877E1,1.526196289E2,-7.166143799E1
4.102971400E1,-5.288935089E1,1.526669006E2,-7.196316528E1
4.103976900E1,-5.300221252E1,1.525058899E2,-7.198107910E1
4.104982400E1,-5.318664551E1,1.521654358E2,-7.179435730E1
4.105987900E1,-5.304589844E1,1.522670898E2,-7.144750977E1
4.106993400E1,-5.302507782E1,1.523707581E2,-7.157318115E1
4.107998900E1,-5.289336395E1,1.525995178E2,-7.119929504E1
4.109004400E1,-5.277779388E1,1.526141052E2,-7.137339783E1
4.110009900E1,-5.273007965E1,1.527021790E2,-7.150444031E1
4.111015400E1,-5.281736755E1,1.525501404E2,-7.151991272E1
4.112020900E1,-5.270574951E1,1.526433411E2,-7.167150879E1
4.113026400E1,-5.277387238E1,1.527487183E2,-7.146342468E1
4.114031900E1,-5.255766296E1,1.525079346E2,-7.144398499E1
4.115037400E1,-5.293441010E1,1.527273560E2,-7.166186523E1
4.116042900E1,-5.267652130E1,1.527486267E2,-7.164018250E1
4.117048400E1,-5.257666016E1,1.525437012E2,-7.160722351E1
4.118053900E1,-5.266677856E1,1.525614929E2,-7.164636230E1
4.119059400E1,-5.277849579E1,1.524207764E2,-7.145262146E1
4.120064900E1,-5.273960114E1,1.524697571E2,-7.175622559E1
4.121070400E1,-5.287565613E1,1.522925415E2,-7.175210571E1
4.122075900E1,-5.274815369E1,1.525018921E2,-7.161538696E1
4.123081400E1,-5.262445068E1,1.525889893E2,-7.191213989E1
4.124086900E1,-5.261335754E1,1.528118286E2,-7.172007751E1
4.125092400E1,-5.290464783E1,1.525155334E2,-7.202310181E1
4.126097900E1,-5.274943542E1,1.524298706E2,-7.203311157E1
4.127103400E1,-5.268548584E1,1.523871460E2,-7.190190125E1
4.128108900E1,-5.271293640E1,1.526405640E2,-7.152282715E1
4.129114400E1,-5.269858551E1,1.526072693E2,-7.168592834E1
4.130119900E1,-5.278324127E1,1.524273071E2,-7.154077148E1
4.131125400E1,-5.271740723E1,1.525169067E2,-7.185708618E1
4.132130900E1,-5.266418457E1,1.524477539E2,-7.160214233E1
4.133136400E1,-5.272192383E1,1.524204712E2,-7.170306396E1
4.134141900E1,-5.269368744E1,1.526039429E2,-7.153826904E1
4.135147400E1,-5.272493744E1,1.524499817E2,-7.163494873E1
4.136152900E1,-5.265697479E1,1.524818726E2,-7.187898254E1
4.137158400E1,-5.266675568E1,1.525665894E2,-7.181236267E1
4.138163900E1,-5.265851593E1,1.525334778E2,-7.208807373E1
4.139169400E1,-5.259851837E1,1.522962646E2,-7.182174683E1
4.140174900E1,-5.273567963E1,1.521446838E2,-7.152137756E1
4.141180400E1,-5.265094757E1,1.523400269E2,-7.154676819E1
4.142185900E1,-5.262239075E1,1.522659912E2,-7.161022949E1
4.143191400E1,-5.292588043E1,1.522450562E2,-7.152770996E1
4.144196900E1,-5.272495270E1,1.523406372E2,-7.165893555E1
4.145202400E1,-5.273549652E1,1.524174500E2,-7.143392944E1
4.146207900E1,-5.297188568E1,1.524028015E2,-7.150433350E1
4.147213400E1,-5.302906036E1,1.523189392E2,-7.152127075E1
4.148218900E1,-5.316271210E1,1.522868958E2,-7.188471985E1
4.149224400E1,-5.352967834E1,1.519395752E2,-7.144363403E1
4.150229900E1,-5.364661407E1,1.512410278E2,-7.066380310E1
4.151235400E1,-5.368990326E1,1.507348022E2,-7.011137390E1
4.152240900E1,-5.418113708E1,1.499956360E2,-6.994178772E1
4.153246400E1,-5.473760986E1,1.497863770E2,-6.967445374E1
4.154251900E1,-5.535198975E1,1.498530884E2,-7.017480469E1
4.155257400E1,-5.530204010E1,1.502417603E2,-7.013455200E1
4.156262900E1,-5.472831726E1,1.507131042E2,-7.037597656E1
4.157268400E1,-5.401346588E1,1.515416870E2,-7.078889465E1
4.158273900E1,-5.308356476E1,1.521680603E2,-7.105215454E1
4.159279400E1,-5.236352539E1,1.527945862E2,-7.113467407E1
4.160284900E1,-5.134332275E1,1.533013611E2,-7.159425354E1
4.161290400E1,-5.014370728E1,1.538107300E2,-7.195663452E1
4.162295900E1,-4.931472778E1,1.540988464E2,-7.181051636E1
4.163301400E1,-4.846597290E1,1.539995117E2,-7.180227661E1
4.164306900E1,-4.800553131E1,1.541665344E2,-7.157044983E1
4.165312400E1,-4.760174561E1,1.539460449E2,-7.143066406E1
4.166317900E1,-4.744989777E1,1.536076355E2,-7.098579407E1
4.167323400E1,-4.767451477E1,1.534897766E2,-7.116989136E1
4.168328900E1,-4.746638489E1,1.531572571E2,-7.122686768E1
4.169334400E1,-4.751976776E1,1.529072266E2,-7.048719788E1
4.170339900E1,-4.756413269E1,1.526785583E2,-7.024983215E1
4.171345400E1,-4.780527496E1,1.523961182E2,-7.022441101E1
4.172350900E1,-4.749594116E1,1.521890869E2,-7.019755554E1
4.173356400E1,-4.727941895E1,1.521925964E2,-7.002113342E1
4.174361900E1,-4.717707825E1,1.522481995E2,-7.014437866E1
4.175367400E1,-4.637953186E1,1.520527344E2,-6.962608337E1
4.176372900E1,-4.560657501E1,1.519277954E2,-6.936347961E1
4.177378400E1,-4.482737732E1,1.519063110E2,-6.953689575E1
4.178383900E1,-4.390086365E1,1.515064392E2,-6.928427124E1
4.179389400E1,-4.301934814E1,1.513851013E2,-6.956257629E1
4.180394900E1,-4.185432434E1,1.513734436E2,-6.988238525E1
4.181400400E1,-4.082016754E1,1.511776428E2,-6.976887512E1
4.182405900E1,-3.982704163E1,1.511101990E2,-6.958531189E1
4.183411400E1,-3.859787750E1,1.509096985E2,-6.974028015E1
4.184416900E1,-3.774388885E1,1.503651123E2,-6.982252502E1
4.185422400E1,-3.714720154E1,1.502814331E2,-6.985112000E1
4.186427900E1,-3.678708649E1,1.500672913E2,-6.926101685E1
4.187433400E1,-3.650984192E1,1.498645325E2,-6.904016113E1
4.188438900E1,-3.590331268E1,1.495617065E2,-6.938510132E1
4.189444400E1,-3.548793793E1,1.492915955E2,-6.922506714E1
4.190449900E1,-3.502140808E1,1.493525085E2,-6.910874939E1
4.191455400E1,-3.526348877E1,1.492680969E2,-6.874023438E1
4.192460863E1,-3.566570282E1,1.497603455E2,-6.880128479E1
4.193466362E1,-3.652576447E1,1.498385620E2,-6.907316589E1
4.194471862E1,-3.706363678E1,1.501063232E2,-6.925184631E1
4.195477363E1,-3.766939545E1,1.501967163E2,-6.950592041E1
4.196482863E1,-3.797479248E1,1.504565735E2,-6.947836304E1
4.197488362E1,-3.825886536E1,1.505588989E2,-6.961753845E1
4.198493862E1,-3.827732086E1,1.504290771E2,-6.917306519E1
4.199499363E1,-3.834290314E1,1.503302612E2,-6.883766174E1
4.200504862E1,-3.796088409E1,1.501524048E2,-6.906927490E1
4.201510362E1,-3.780711365E1,1.496961365E2,-6.888722229E1
4.202515863E1,-3.729333496E1,1.492078247E2,-6.857511902E1
4.203521363E1,-3.694520569E1,1.488591614E2,-6.849392700E1
4.204526862E1,-3.624605560E1,1.484406738E2,-6.838748169E1
4.205532362E1,-3.529572296E1,1.481200256E2,-6.869732666E1
4.206537863E1,-3.389444733E1,1.481300354E2,-6.885127258E1
4.207543362E1,-3.256027222E1,1.479871521E2,-6.926976013E1
4.208548862E1,-3.120726013E1,1.482349548E2,-7.000222778E1
4.209554363E1,-3.049717712E1,1.482945557E2,-7.062649536E1
4.210559862E1,-2.996475220E1,1.488270874E2,-7.105242920E1
4.211565362E1,-2.979184723E1,1.494911499E2,-7.146003723E1
4.212570862E1,-2.886404419E1,1.502390747E2,-7.233296204E1
4.213576363E1,-2.763202667E1,1.508869324E2,-7.380490112E1
4.214581862E1,-2.556998444E1,1.523721924E2,-7.588233948E1
4.215587362E1,-2.378784180E1,1.543955383E2,-7.814947510E1
4.216592863E1,-2.422910309E1,1.565846252E2,-7.999034119E1
4.217598362E1,-2.716986847E1,1.589430542E2,-8.057296753E1
4.218603862E1,-3.213758087E1,1.600822754E2,-7.936497498E1
4.219609363E1,-3.731565094E1,1.600953979E2,-7.723120117E1
4.220614863E1,-4.207904816E1,1.588184204E2,-7.481275940E1
4.221620362E1,-4.633016205E1,1.565668335E2,-7.258531189E1
4.222625862E1,-4.940605164E1,1.541004639E2,-6.993807983E1
4.223631363E1,-5.049578857E1,1.519659424E2,-6.832164001E1
4.224636862E1,-5.000996399E1,1.498121033E2,-6.655943298E1
4.225642362E1,-4.876990509E1,1.481332092E2,-6.600297546E1
4.226647863E1,-4.793978882E1,1.475943604E2,-6.586994934E1
4.227653363E1,-4.659188843E1,1.483077087E2,-6.628630066E1
4.228658862E1,-4.570462799E1,1.494031982E2,-6.726240540E1
4.229664362E1,-4.487620544E1,1.510142822E2,-6.864184570E1
4.230669863E1,-4.430548096E1,1.524170837E2,-6.972599792E1
4.231675362E1,-4.414955139E1,1.534545593E2,-7.039192200E1
4.232680862E1,-4.407027435E1,1.539916687E2,-7.104202271E1
4.233686363E1,-4.402241516E1,1.539419250E2,-7.065512085E1
4.234691863E1,-4.392314911E1,1.532294617E2,-7.043402100E1
4.235697362E1,-4.369146729E1,1.524244995E2,-6.947923279E1
4.236702862E1,-4.364192200E1,1.517315063E2,-6.876293945E1
4.237708363E1,-4.331892395E1,1.511899109E2,-6.868344116E1
4.238713862E1,-4.300448608E1,1.509753418E2,-6.826867676E1
4.239719362E1,-4.283525085E1,1.509487610E2,-6.821963501E1
4.240724863E1,-4.261174011E1,1.509814148E2,-6.845112610E1
4.241730362E1,-4.242066193E1,1.513268433E2,-6.869100952E1
4.242735862E1,-4.204424286E1,1.514894714E2,-6.921141052E1
4.243741362E1,-4.120838165E1,1.516717224E2,-6.922071838E1
4.244746863E1,-4.079698181E1,1.515310669E2,-6.950842285E1
4.245752362E1,-4.052507019E1,1.514719238E2,-6.922900391E1
4.246757862E1,-4.023397827E1,1.510855713E2,-6.911653137E1
4.247763363E1,-3.988001251E1,1.510914001E2,-6.879978943E1
4.248768862E1,-3.954516602E1,1.509172974E2,-6.893756104E1
4.249774362E1,-3.949356842E1,1.506740417E2,-6.899304199E1
4.250779863E1,-3.958934784E1,1.506122131E2,-6.900112915E1
4.251785363E1,-3.962560272E1,1.503639526E2,-6.900074768E1
4.252790862E1,-3.979543304E1,1.505313110E2,-6.870420837E1
4.253796362E1,-3.978601074E1,1.506745300E2,-6.875247192E1
4.254801863E1,-3.968933105E1,1.510036926E2,-6.912214661E1
4.255807362E1,-3.942350006E1,1.512983093E2,-6.897691345E1
4.256812862E1,-3.924236298E1,1.517263794E2,-6.900645447E1
4.257818363E1,-3.919269562E1,1.519215088E2,-6.879824829E1
4.258823863E1,-3.937174225E1,1.518828125E2,-6.858059692E1
4.259829362E1,-3.967381287E1,1.520608826E2,-6.856539917E1
4.260834862E1,-3.949609375E1,1.519257507E2,-6.863612366E1
4.261840363E1,-3.966696930E1,1.524736633E2,-6.866206360E1
4.262845862E1,-4.145990753E1,1.525082703E2,-6.698461914E1
4.263851362E1,-3.262445068E1,1.442591553E2,-4.552232361E1
4.264856863E1,-1.982246399E1,1.416856995E2,-2.173188782E1
4.265862363E1,-9.341979980E0,1.369806213E2,-1.521621704E0
4.266867862E1,-2.604682922E0,1.316516724E2,1.294535065E1
4.267873362E1,-1.270103455E0,1.269166489E2,2.457381439E1
4.268878863E1,-4.639640808E0,1.213522263E2,3.681490326E1
4.269884362E1,-1.032507324E1,1.144790421E2,4.758769226E1
4.270889862E1,-1.596576691E1,1.065399857E2,5.620169067E1
4.271895363E1,-2.034760284E1,9.873682404E1,6.280854797E1
4.272900862E1,-2.318700409E1,9.147003937E1,6.678079224E1
4.273906362E1,-2.527471161E1,8.413997650E1,6.938511658E1
4.274911862E1,-2.608396149E1,7.679787445E1,7.163607788E1
4.275917363E1,-2.653597260E1,7.017696381E1,7.238315582E1
4.276922862E1,-2.615451050E1,6.361064911E1,7.202568817E1
4.277928362E1,-2.519023132E1,5.783119965E1,7.118517303E1
4.278933863E1,-2.366663361E1,5.299966431E1,6.950630188E1
4.279939362E1,-2.272471619E1,4.896159363E1,6.749012756E1
4.280944862E1,-2.158660126E1,4.546481323E1,6.491314697E1
4.281950363E1,-2.086258698E1,4.284433746E1,6.290375519E1
4.282955863E1,-2.074306488E1,4.026174164E1,6.089774323E1
4.283961362E1,-2.058801270E1,3.765684509E1,5.775559235E1
4.284966862E1,-2.008137512E1,3.499377441E1,5.448063660E1
4.285972363E1,-1.904482269E1,3.252371216E1,5.141085052E1
4.286977862E1,-1.641262054E1,3.055344391E1,4.803547668E1
4.287983462E1,-1.339434052E1,2.928429413E1,4.514149475E1
4.288988863E1,-1.035406494E1,2.852779388E1,4.325853729E1
4.289994463E1,-7.037200928E0,2.854008484E1,4.156484222E1
4.290999862E1,-4.133888245E0,2.895666504E1,4.092713165E1
4.292005362E1,-2.348503113E0,2.925386047E1,4.073346710E1
4.293010888E1,-2.403526306E-1,2.977033234E1,4.041323853E1
4.294016488E1,9.113616943E-1,3.050917053E1,4.034767914E1
4.295021887E1,1.686641693E0,3.096286774E1,4.033195496E1
4.296027388E1,2.178020477E0,3.127651978E1,4.053371429E1
4.297032888E1,2.630191803E0,3.145882416E1,4.102276611E1
4.298038387E1,2.918071747E0,3.130133820E1,4.145458984E1
4.299043887E1,3.375709534E0,3.138146973E1,4.199976349E1
4.300049388E1,3.529994965E0,3.132565308E1,4.238565063E1
4.301054887E1,3.832866669E0,3.157868195E1,4.225831604E1
4.302060387E1,3.906578064E0,3.145365906E1,4.246838379E1
4.303065888E1,3.971038818E0,3.187798309E1,4.239770508E1
4.304071488E1,4.238189697E0,3.172365570E1,4.274739838E1
4.305076887E1,4.250705719E0,3.182889557E1,4.268988037E1
4.306082387E1,4.524578094E0,3.173473358E1,4.279266357E1
4.307087888E1,4.622699738E0,3.192731476E1,4.282909393E1
4.308093387E1,4.295223236E0,3.184734344E1,4.285842133E1
4.309098987E1,3.937755585E0,3.199503326E1,4.277913666E1
4.310104487E1,3.837291718E0,3.177275848E1,4.311961365E1
4.311109988E1,4.013111115E0,3.174206543E1,4.319615936E1
4.312115387E1,3.927192688E0,3.165980530E1,4.342780304E1
4.313120987E1,3.984272003E0,3.155777740E1,4.332057953E1
4.314126487E1,4.324645996E0,3.158960724E1,4.347415924E1
4.315131988E1,4.323646545E0,3.167330170E1,4.358944702E1
4.316137487E1,4.570884705E0,3.171440125E1,4.371607971E1
4.317142987E1,4.550132751E0,3.169788361E1,4.331607056E1
4.318148488E1,4.633247375E0,3.184295654E1,4.324759674E1
4.319153987E1,4.802696228E0,3.188505554E1,4.326980591E1
4.320159487E1,4.914138794E0,3.182736206E1,4.326302338E1
4.321164988E1,4.793731689E0,3.198914337E1,4.319728088E1
4.322170488E1,4.777725220E0,3.186333466E1,4.322258759E1
4.323175987E1,4.488281250E0,3.203547668E1,4.330033875E1
4.324181487E1,4.534362793E0,3.206838226E1,4.292134857E1
4.325186988E1,4.422107697E0,3.235695648E1,4.287012482E1
4.326192487E1,4.444759369E0,3.238283539E1,4.273993683E1
4.327197987E1,4.462047577E0,3.230167389E1,4.267636871E1
4.328203488E1,4.576213837E0,3.209239960E1,4.292440796E1
4.329208988E1,4.466865540E0,3.215739441E1,4.256369781E1
4.330214387E1,4.774116516E0,3.221464539E1,4.290647888E1
4.331219987E1,4.942386627E0,3.210148621E1,4.280696106E1
4.332225488E1,5.043350220E0,3.203454590E1,4.277133179E1
4.333230987E1,5.043350220E0,3.203454590E1,4.277133179E1
4.334236487E1,4.901100159E0,3.219351959E1,4.272746277E1
4.335241988E1,4.849380493E0,3.223905182E1,4.250360870E1
4.336247488E1,5.245407104E0,3.225782013E1,4.234854889E1
4.337252987E1,5.216419220E0,3.219193268E1,4.226779938E1
4.338258487E1,5.280128479E0,3.217726898E1,4.248005676E1
4.339263988E1,5.162990570E0,3.224284363E1,4.259712982E1
4.340269487E1,5.294349670E0,3.214389801E1,4.254755402E1
4.341274987E1,5.445644379E0,3.215127563E1,4.233029938E1
4.342280488E1,5.693859100E0,3.209845734E1,4.195870209E1
4.343285987E1,5.696826935E0,3.226651001E1,4.194010925E1
4.344291487E1,5.495201111E0,3.213166046E1,4.243623352E1
4.345296987E1,5.686756134E0,3.231613159E1,4.239376068E1
4.346302488E1,6.012371063E0,3.213987732E1,4.222511292E1
4.347307987E1,5.766429901E0,3.227669525E1,4.213254547E1
4.348313487E1,5.826377869E0,3.215174866E1,4.191320801E1
4.349318988E1,5.970031738E0,3.223379517E1,4.225103760E1
4.350324487E1,5.963115692E0,3.210888672E1,4.244542694E1
4.351329987E1,6.072700500E0,3.188297272E1,4.206341553E1
4.352335488E1,6.084381104E0,3.184134674E1,4.243074799E1
4.353340988E1,6.202365875E0,3.173157501E1,4.265509033E1
4.354346487E1,6.304412842E0,3.180194855E1,4.270571899E1
4.355351987E1,6.306961060E0,3.170321655E1,4.251008606E1
4.356357488E1,6.569637299E0,3.196228027E1,4.237530518E1
4.357362987E1,6.524028778E0,3.186369324E1,4.230192566E1
4.358368487E1,6.619682312E0,3.180572510E1,4.242046356E1
4.359373988E1,6.613483429E0,3.177404022E1,4.271135712E1
4.360379488E1,6.581645966E0,3.168884277E1,4.297370911E1
4.361384987E1,6.797637939E0,3.156215668E1,4.287252808E1
4.362390487E1,6.834331512E0,3.150070190E1,4.283167267E1
4.363395988E1,6.865592957E0,3.172068787E1,4.266278839E1
4.364401487E1,6.762393951E0,3.177153778E1,4.289626312E1
4.365406987E1,6.798320770E0,3.172044373E1,4.299542999E1
4.366412488E1,6.700054169E0,3.175777435E1,4.270198822E1
4.367417988E1,6.774368286E0,3.185930634E1,4.267119598E1
4.368423487E1,6.928615570E0,3.191295624E1,4.242435455E1
4.369428987E1,6.924716949E0,3.185923767E1,4.243820190E1
4.370434488E1,6.577461243E0,3.209506226E1,4.272007751E1
4.371439987E1,6.603179932E0,3.207767487E1,4.248679352E1
4.372445487E1,6.181797028E0,3.210486603E1,4.244798279E1
4.373450988E1,6.223739624E0,3.215086365E1,4.191112518E1
4.374456487E1,6.215755463E0,3.220840454E1,4.190483093E1
4.375461987E1,6.281402588E0,3.226061249E1,4.208446503E1
4.376467487E1,6.725090027E0,3.212430573E1,4.209109497E1
4.377472988E1,6.674964905E0,3.188877869E1,4.234728241E1
4.378478487E1,6.878013611E0,3.157363892E1,4.260804749E1
4.379483987E1,7.024398804E0,3.106902313E1,4.313088989E1
4.380489488E1,7.068820953E0,3.077660370E1,4.335755920E1
4.381494987E1,7.137966156E0,3.029551697E1,4.346893311E1
4.382500487E1,7.218849182E0,2.970753479E1,4.356945801E1
4.383505987E1,7.161342621E0,2.955391693E1,4.384103394E1
4.384511488E1,7.110767365E0,2.955289459E1,4.456322479E1
4.385516987E1,6.754898071E0,2.940890503E1,4.428829956E1
4.386522487E1,6.566810608E0,2.943225861E1,4.417256927E1
4.387527988E1,6.674530029E0,2.961752319E1,4.411563873E1
4.388533487E1,6.443641663E0,3.017583466E1,4.408546448E1
4.389538987E1,6.284236908E0,3.023567963E1,4.380946350E1
4.390544488E1,6.079986572E0,3.041751862E1,4.374524689E1
4.391549988E1,5.900424957E0,3.085942841E1,4.363836670E1
4.392555437E1,5.693317413E0,3.093364716E1,4.359581757E1
4.393560938E1,5.441936493E0,3.120130920E1,4.360176086E1
4.394566438E1,5.347839355E0,3.093183899E1,4.384785461E1
4.395571937E1,5.422039032E0,3.075814056E1,4.354183197E1
4.396577437E1,5.165313721E0,3.038329315E1,4.367111206E1
4.397582938E1,5.215599060E0,3.057833099E1,4.372686005E1
4.398588437E1,5.379524231E0,3.095021820E1,4.375855255E1
4.399593937E1,5.229038239E0,3.132144165E1,4.300614929E1
4.400599438E1,5.160728455E0,3.162677002E1,4.269280243E1
4.401604938E1,5.268260956E0,3.185132599E1,4.273332977E1
4.402610437E1,5.326057434E0,3.234911346E1,4.276231384E1
4.403615937E1,5.363380432E0,3.258803558E1,4.258357239E1
4.404621438E1,5.800029755E0,3.281745911E1,4.218106842E1
4.405626937E1,5.999111176E0,3.285360718E1,4.199296570E1
4.406632437E1,5.642570496E0,3.291956329E1,4.185514832E1
4.407637938E1,4.591556549E0,3.265000153E1,4.234681702E1
4.408643437E1,3.787563324E0,3.291198730E1,4.292657471E1
4.409648937E1,2.888595581E0,3.269582367E1,4.283137512E1
4.410654437E1,2.192543030E0,3.250985718E1,4.275254059E1
4.411659938E1,1.958068848E0,3.214818573E1,4.329373932E1
4.412665437E1,1.695259094E0,3.177075195E1,4.312007904E1
4.413670937E1,1.691776276E0,3.191641998E1,4.306621552E1
4.414676438E1,1.781135559E0,3.169871521E1,4.276593018E1
4.415681937E1,1.533092499E0,3.163517761E1,4.270067596E1
4.416687437E1,1.421714783E0,3.184118652E1,4.268933868E1
4.417692937E1,1.292045593E0,3.206211090E1,4.304735565E1
4.418698438E1,1.036708832E0,3.201097870E1,4.269042206E1
4.419703937E1,1.022109985E0,3.184217072E1,4.242847443E1
4.420709437E1,8.398513794E-1,3.176895905E1,4.290925598E1
4.421714938E1,6.136512756E-1,3.148046112E1,4.281230927E1
4.422720437E1,7.787055969E-1,3.145291901E1,4.283195496E1
4.423725937E1,8.815917969E-1,3.100610352E1,4.313980865E1
4.424731438E1,1.077648163E0,3.088770294E1,4.308924103E1
4.425736938E1,1.372955322E0,3.103513336E1,4.304211426E1
4.426742437E1,1.432254791E0,3.096836853E1,4.313804626E1
4.427747937E1,1.390537262E0,3.084989929E1,4.297004700E1
4.428753438E1,1.256317139E0,3.113275146E1,4.284261322E1
4.429758937E1,1.003726959E0,3.133480835E1,4.259037018E1
4.430764437E1,8.181457520E-1,3.163520050E1,4.227568054E1
4.431769938E1,7.714538574E-1,3.196102905E1,4.186027527E1
4.432775438E1,8.140106201E-1,3.213092041E1,4.189085388E1
4.433780937E1,6.468925476E-1,3.251857758E1,4.174892426E1
4.434786437E1,4.905738831E-1,3.258812714E1,4.144905853E1
4.435791938E1,7.082366943E-2,3.284296417E1,4.115419769E1
4.436797437E1,-1.439476013E-1,3.292993164E1,4.135799408E1
4.437802937E1,-1.996231079E-2,3.328526306E1,4.148255157E1
4.438808438E1,-2.177734375E-1,3.336766052E1,4.114516449E1
4.439813938E1,-2.572402954E-1,3.361096191E1,4.054530334E1
4.440819437E1,-3.051376343E-1,3.374927521E1,4.041366577E1
4.441824937E1,-3.268051147E-1,3.404559326E1,4.035265350E1
4.442830438E1,-4.769210815E-1,3.430473328E1,3.987812805E1
4.443835937E1,-7.216262817E-1,3.437503052E1,3.989794159E1
4.444841437E1,-8.491592407E-1,3.439531708E1,3.997219849E1
4.445846938E1,-9.111099243E-1,3.455957031E1,3.968205261E1
4.446852437E1,-7.652969360E-1,3.461981201E1,3.955265808E1
4.447857937E1,-7.380294800E-1,3.462467194E1,3.942094421E1
4.448863437E1,-8.037643433E-1,3.465014648E1,3.952273560E1
4.449868938E1,-7.151565552E-1,3.459450531E1,3.897527313E1
4.450874437E1,-1.478446960E0,3.486183929E1,3.899682617E1
4.451879937E1,-2.596191406E0,3.502102661E1,3.878384399E1
4.452885438E1,-2.892433167E0,3.495204163E1,3.846739960E1
4.453890937E1,-2.965316772E0,3.518059540E1,3.850607300E1
4.454896437E1,-2.939002991E0,3.508425903E1,3.911676025E1
4.455901938E1,-3.006919861E0,3.500424194E1,3.875403595E1
4.456907438E1,-3.112281799E0,3.509038544E1,3.853164673E1
4.457912937E1,-2.762367249E0,3.506182098E1,3.901921844E1
4.458918437E1,-3.044502258E0,3.487190247E1,3.919983673E1
4.459923938E1,-2.934585571E0,3.494400787E1,3.891439056E1
4.460929437E1,-2.866821289E0,3.525422668E1,3.893635559E1
4.461934937E1,-2.800132751E0,3.517025757E1,3.925437164E1
4.462940438E1,-2.832550049E0,3.517791748E1,3.929531097E1
4.463945938E1,-2.832916260E0,3.514501190E1,3.917173767E1
4.464951437E1,-2.689781189E0,3.546790314E1,3.927998352E1
4.465956937E1,-2.703308105E0,3.556596375E1,3.895956421E1
4.466962438E1,-2.723770142E0,3.554395294E1,3.887695312E1
4.467967937E1,-2.604728699E0,3.546533966E1,3.893608856E1
4.468973437E1,-2.698944092E0,3.563960266E1,3.901932526E1
4.469978938E1,-2.689277649E0,3.570914459E1,3.852806854E1
4.470984438E1,-2.894538879E0,3.578971863E1,3.878530121E1
4.471989937E1,-2.751823425E0,3.583088684E1,3.860887909E1
4.472995437E1,-2.882560730E0,3.575695038E1,3.871569824E1
4.474000938E1,-3.107597351E0,3.557278442E1,3.862473297E1
4.475006437E1,-3.134712219E0,3.541690063E1,3.863632202E1
4.476011937E1,-3.150520325E0,3.525563049E1,3.850343323E1
4.477017438E1,-3.467697144E0,3.526702881E1,3.870647430E1
4.478022937E1,-3.593933105E0,3.526893616E1,3.852188873E1
4.479028437E1,-3.466567993E0,3.523621368E1,3.837447357E1
4.480033937E1,-3.597740173E0,3.532901001E1,3.849122620E1
4.481039438E1,-3.480110168E0,3.537602997E1,3.858478546E1
4.482044937E1,-3.685974121E0,3.538741302E1,3.854136658E1
4.483050437E1,-3.544670105E0,3.521634674E1,3.844970703E1
4.484055938E1,-3.313591003E0,3.522752380E1,3.831560516E1
4.485061437E1,-3.723381042E0,3.538140106E1,3.818144989E1
4.486066937E1,-3.536109924E0,3.529164124E1,3.842015839E1
4.487072438E1,-3.266464233E0,3.533125305E1,3.854885101E1
4.488077938E1,-3.194435120E0,3.560887146E1,3.836570740E1
4.489083437E1,-3.285430908E0,3.533179474E1,3.827046204E1
4.490088937E1,-3.407279968E0,3.542902374E1,3.824696350E1
4.491094438E1,-3.452133179E0,3.544950104E1,3.817320251E1
4.492099937E1,-3.570762634E0,3.552683258E1,3.821169281E1
4.493105529E1,-3.450141907E0,3.556813049E1,3.811039734E1
4.494111029E1,-3.343482971E0,3.560197449E1,3.824940491E1
4.495116529E1,-3.240112305E0,3.557170105E1,3.829682159E1
4.496122029E1,-3.165008545E0,3.551244354E1,3.827759552E1
4.497127529E1,-3.333793640E0,3.543023682E1,3.809559631E1
4.498133029E1,-3.474586487E0,3.546238708E1,3.815104675E1
4.499138529E1,-3.294876099E0,3.562348938E1,3.815170288E1
4.500144029E1,-3.200996399E0,3.575915527E1,3.846136475E1
4.501149529E1,-3.447029114E0,3.565402985E1,3.865811157E1
4.502155029E1,-3.249580383E0,3.571199036E1,3.848075104E1
4.503160529E1,-3.344306946E0,3.563423157E1,3.852104950E1
4.504166029E1,-3.474220276E0,3.543730164E1,3.806143951E1
4.505171529E1,-3.375816345E0,3.557444763E1,3.817156219E1
4.506177029E1,-3.207534790E0,3.544804382E1,3.871537018E1
4.507182529E1,-3.300086975E0,3.539499664E1,3.839353943E1
4.508188029E1,-3.320732117E0,3.538518524E1,3.845543671E1
4.509193529E1,-3.116058350E0,3.544763184E1,3.829339600E1
4.510199029E1,-3.424888611E0,3.557695770E1,3.813444519E1
4.511204529E1,-3.457305908E0,3.553440857E1,3.848802185E1
4.512210029E1,-3.383506775E0,3.567272949E1,3.827855682E1
4.513215529E1,-3.404693604E0,3.552422333E1,3.838205719E1
4.514221029E1,-3.074424744E0,3.572709656E1,3.819869232E1
4.515226529E1,-3.088539124E0,3.544337463E1,3.827379608E1
4.516232029E1,-3.201271057E0,3.557716370E1,3.837118530E1
4.517237529E1,-3.210166931E0,3.567739868E1,3.826938629E1
4.518243029E1,-3.288269043E0,3.570255280E1,3.802170563E1
4.519248529E1,-3.307968140E0,3.570082092E1,3.778562927E1
4.520254029E1,-3.388961792E0,3.555287933E1,3.811068726E1
4.521259529E1,-3.372756958E0,3.563397217E1,3.772957611E1
4.522265029E1,-3.493766785E0,3.560170746E1,3.820540619E1
4.523270529E1,-3.489891052E0,3.576441956E1,3.822003174E1
4.524276029E1,-3.694519043E0,3.567300415E1,3.850036621E1
4.525281529E1,-3.692710876E0,3.560132599E1,3.833405304E1
4.526287029E1,-3.573081970E0,3.560971832E1,3.809116364E1
4.527292529E1,-3.721725464E0,3.556294250E1,3.842916107E1
4.528298029E1,-3.496162415E0,3.561428833E1,3.828670502E1
4.529303529E1,-3.640457153E0,3.570065308E1,3.839771271E1
4.530309029E1,-3.599288940E0,3.600189972E1,3.830503845E1
4.531314529E1,-3.598777771E0,3.588751984E1,3.812577820E1
4.532320029E1,-3.252601624E0,3.585660553E1,3.773904419E1
4.533325529E1,-3.123527527E0,3.567126465E1,3.789168549E1
4.534331029E1,-3.212623596E0,3.544193268E1,3.810049438E1
4.535336529E1,-3.641067505E0,3.555482483E1,3.786899567E1
4.536342029E1,-3.669364929E0,3.577007294E1,3.796152496E1
4.537347529E1,-3.555641174E0,3.598670959E1,3.798284149E1
4.538353029E1,-3.557334900E0,3.609206390E1,3.777853394E1
4.539358529E1,-3.678634644E0,3.580508423E1,3.796437836E1
4.540364029E1,-3.464416504E0,3.582646179E1,3.814240265E1
4.541369529E1,-3.340255737E0,3.585374451E1,3.838475037E1
4.542375029E1,-3.369537354E0,3.598188019E1,3.863170624E1
4.543380529E1,-3.361457825E0,3.604524994E1,3.805275726E1
4.544386029E1,-3.374183655E0,3.591380310E1,3.811837769E1
4.545391529E1,-3.516067505E0,3.587909698E1,3.810902405E1
4.546397029E1,-3.357727051E0,3.582390594E1,3.807811737E1
4.547402529E1,-3.281745911E0,3.586743164E1,3.776139832E1
4.548408029E1,-3.212898254E0,3.593157196E1,3.806610870E1
4.549413529E1,-3.298599243E0,3.576000214E1,3.808657837E1
4.550419029E1,-3.364120483E0,3.573977661E1,3.779377747E1
4.551424529E1,-3.053329468E0,3.583412170E1,3.803816223E1
4.552430029E1,-3.137451172E0,3.578945160E1,3.793913269E1
4.553435529E1,-3.423332214E0,3.574791718E1,3.820317078E1
4.554441029E1,-3.480567932E0,3.570494843E1,3.783953857E1
4.555446529E1,-3.446945190E0,3.571718597E1,3.771843719E1
4.556452029E1,-3.529991150E0,3.572344971E1,3.794895935E1
4.557457529E1,-3.430282593E0,3.571820831E1,3.779540253E1
4.558463029E1,-3.256668091E0,3.545661926E1,3.793926239E1
4.559468529E1,-3.156707764E0,3.565760040E1,3.805224609E1
4.560474029E1,-3.350036621E0,3.561222076E1,3.808695984E1
4.561479529E1,-3.440597534E0,3.573245239E1,3.845043945E1
4.562485029E1,-3.570503235E0,3.556140137E1,3.826325226E1
4.563490529E1,-3.613868713E0,3.568910217E1,3.856909943E1
4.564496029E1,-3.643592834E0,3.555019379E1,3.841374969E1
4.565501529E1,-3.706253052E0,3.558164215E1,3.842434692E1
4.566507029E1,-3.489868164E0,3.562662506E1,3.847203064E1
4.567512529E1,-3.590736389E0,3.573350525E1,3.856232452E1
4.568518029E1,-3.508148193E0,3.587153625E1,3.847367096E1
4.569523529E1,-3.542778015E0,3.569389343E1,3.856412506E1
4.570529029E1,-3.492095947E0,3.554691315E1,3.853667450E1
4.571534529E1,-3.674888611E0,3.567771912E1,3.836480713E1
4.572540029E1,-3.567695618E0,3.563442993E1,3.776790619E1
4.573545529E1,-3.665534973E0,3.544617462E1,3.802621460E1
4.574551029E1,-3.514991760E0,3.558155823E1,3.853043365E1
4.575556529E1,-3.609909058E0,3.565129852E1,3.850693512E1
4.576562029E1,-3.578125000E0,3.552845764E1,3.840576935E1
4.577567529E1,-3.542053223E0,3.576940155E1,3.832350159E1
4.578573029E1,-3.510772705E0,3.563920593E1,3.827836609E1
4.579578529E1,-3.482940674E0,3.566978455E1,3.821458435E1
4.580584029E1,-3.485671997E0,3.573983002E1,3.847460175E1
4.581589529E1,-3.150352478E0,3.573735046E1,3.846916199E1
4.582595029E1,-3.402206421E0,3.564724731E1,3.843036652E1
4.583600529E1,-3.515594482E0,3.569859314E1,3.828079224E1
4.584606029E1,-3.437759399E0,3.552581024E1,3.844567108E1
4.585611529E1,-3.472190857E0,3.540693665E1,3.862045288E1
4.586617029E1,-3.397445679E0,3.564162445E1,3.835607910E1
4.587622529E1,-3.318984985E0,3.538341522E1,3.844596863E1
4.588628029E1,-3.189239502E0,3.555615234E1,3.874320984E1
4.589633529E1,-3.334274292E0,3.558429718E1,3.842541504E1
4.590639029E1,-3.401008606E0,3.546086884E1,3.816682434E1
4.591644529E1,-3.351341248E0,3.536404419E1,3.827654266E1
4.592650025E1,-3.455970764E0,3.523965454E1,3.804199982E1
4.593655525E1,-3.566520691E0,3.548761749E1,3.811303711E1
4.594661025E1,-3.467590332E0,3.562759399E1,3.857153320E1
4.595666525E1,-3.462486267E0,3.559738159E1,3.823512268E1
4.596672025E1,-3.766792297E0,3.565474701E1,3.842636871E1
4.597677525E1,-3.463516235E0,3.551547241E1,3.836514282E1
4.598683025E1,-3.367408752E0,3.543009186E1,3.830401611E1
4.599688525E1,-3.640541077E0,3.564023590E1,3.835250854E1
4.600694025E1,-3.586799622E0,3.536488342E1,3.831449127E1
4.601699525E1,-3.427680969E0,3.530473328E1,3.848773193E1
4.602705025E1,-3.538383484E0,3.533623505E1,3.802786255E1
4.603710525E1,-3.397773743E0,3.539348602E1,3.817305756E1
4.604716025E1,-3.378013611E0,3.537341309E1,3.834350586E1
4.605721525E1,-3.496955872E0,3.540921021E1,3.813344574E1
4.606727025E1,-3.591369629E0,3.549143219E1,3.846062469E1
4.607732525E1,-3.459281921E0,3.543446350E1,3.814575958E1
4.608738025E1,-3.771110535E0,3.535101318E1,3.817995453E1
4.609743525E1,-3.619934082E0,3.558947754E1,3.809715271E1
4.610749025E1,-3.818305969E0,3.546675110E1,3.851867676E1
4.611754525E1,-3.735641479E0,3.572651672E1,3.853644562E1
4.612760025E1,-3.454879761E0,3.549243164E1,3.830282593E1
4.613765525E1,-3.536659241E0,3.552953339E1,3.833476257E1
4.614771025E1,-3.511421204E0,3.551247406E1,3.849893188E1
4.615776525E1,-3.587463379E0,3.536843872E1,3.868201447E1
4.616782025E1,-3.511322021E0,3.543090820E1,3.862040710E1
4.617787525E1,-3.498367310E0,3.538790131E1,3.862735748E1
4.618793025E1,-3.297966003E0,3.548260498E1,3.878222656E1
4.619798525E1,-3.179908752E0,3.565883636E1,3.849469757E1
4.620804025E1,-3.295707703E0,3.577431488E1,3.856591034E1
4.621809525E1,-3.561576843E0,3.552149200E1,3.822605896E1
4.622815025E1,-3.431938171E0,3.541638184E1,3.861210632E1
4.623820525E1,-3.507400513E0,3.546382904E1,3.864160919E1
4.624826025E1,-3.556983948E0,3.535810852E1,3.867567444E1
4.625831525E1,-3.542640686E0,3.528760529E1,3.832572174E1
4.626837025E1,-3.462966919E0,3.559835815E1,3.823185730E1
4.627842525E1,-3.397445679E0,3.540343475E1,3.837210846E1
4.628848025E1,-3.670295715E0,3.567728424E1,3.846796417E1
4.629853525E1,-3.546737671E0,3.561846924E1,3.849400330E1
4.630859025E1,-3.440826416E0,3.576020813E1,3.848541260E1
4.631864525E1,-3.498596191E0,3.565876007E1,3.866519928E1
4.632870025E1,-3.555656433E0,3.568441010E1,3.849247742E1
4.633875525E1,-3.467262268E0,3.573046112E1,3.844567108E1
4.634881025E1,-3.478454590E0,3.563080597E1,3.852606964E1
4.635886525E1,-3.525428772E0,3.555581665E1,3.835245514E1
4.636892025E1,-3.526718140E0,3.548564148E1,3.827806854E1
4.637897525E1,-3.395645142E0,3.560862732E1,3.825245667E1
4.638903025E1,-3.742790222E0,3.587914276E1,3.837355804E1
4.639908525E1,-3.741546631E0,3.596550751E1,3.784136200E1
4.640914025E1,-3.630516052E0,3.587989044E1,3.788668060E1
4.641919525E1,-3.652000427E0,3.595979309E1,3.816806793E1
4.642925025E1,-3.525253296E0,3.579298401E1,3.785909271E1
4.643930525E1,-3.489280701E0,3.574167633E1,3.806390381E1
4.644936025E1,-3.580635071E0,3.592639923E1,3.813678741E1
4.645941525E1,-3.472938538E0,3.587766266E1,3.832477570E1
4.646947025E1,-3.440177917E0,3.554400635E1,3.828918457E1
4.647952525E1,-3.517051697E0,3.558767700E1,3.815750122E1
4.648958025E1,-3.577812195E0,3.585388947E1,3.824610901E1
4.649963525E1,-3.716720581E0,3.592605591E1,3.810585785E1
4.650969025E1,-3.755699158E0,3.587139130E1,3.823508453E1
4.651974525E1,-3.702491760E0,3.553687286E1,3.822021484E1
4.652980025E1,-3.610969543E0,3.565702820E1,3.809982300E1
4.653985525E1,-3.535255432E0,3.549201965E1,3.815684509E1
4.654991025E1,-3.518699646E0,3.563996887E1,3.825564575E1
4.655996525E1,-3.568206787E0,3.560643768E1,3.860999298E1
4.657002025E1,-3.660377502E0,3.546851349E1,3.869821930E1
4.658007525E1,-3.522674561E0,3.541722870E1,3.822509003E1
4.659013025E1,-3.480590820E0,3.572463226E1,3.814879608E1
4.660018525E1,-3.457443237E0,3.559333801E1,3.848308563E1
4.661024025E1,-3.499084473E0,3.554586029E1,3.837815857E1
4.662029525E1,-3.403083801E0,3.563908386E1,3.849732971E1
4.663035025E1,-3.205764771E0,3.566402435E1,3.860446930E1
4.664040525E1,-3.162063599E0,3.565511322E1,3.848670197E1
4.665046025E1,-3.576797485E0,3.558309937E1,3.827953339E1
4.666051525E1,-3.431121826E0,3.572509003E1,3.818100739E1
4.667057025E1,-3.547264099E0,3.548104095E1,3.827407074E1
4.668062525E1,-3.266143799E0,3.558192444E1,3.845085907E1
4.669068025E1,-3.167762756E0,3.542324066E1,3.805797577E1
4.670073525E1,-3.471542358E0,3.554642487E1,3.815055084E1
4.671079025E1,-3.342895508E0,3.545438385E1,3.828258514E1
4.672084525E1,-3.532073975E0,3.533811951E1,3.834619904E1
4.673090025E1,-3.566421509E0,3.529531097E1,3.824165344E1
4.674095525E1,-3.526542664E0,3.523026276E1,3.803077698E1
4.675101025E1,-3.731079102E0,3.555585480E1,3.784032440E1
4.676106525E1,-3.619110107E0,3.574583435E1,3.769113159E1
4.677112025E1,-3.750213623E0,3.544638062E1,3.786511993E1
4.678117525E1,-3.460784912E0,3.535939789E1,3.769312286E1
4.679123025E1,-3.549392700E0,3.548274994E1,3.799115753E1
4.680128525E1,-3.545829773E0,3.563593292E1,3.807364655E1
4.681134025E1,-3.608901978E0,3.565042114E1,3.825994110E1
4.682139525E1,-3.609146118E0,3.548412323E1,3.790711212E1
4.683145025E1,-3.551261902E0,3.556642151E1,3.806844330E1
4.684150525E1,-3.479240417E0,3.539891052E1,3.775382996E1
4.685156025E1,-3.573333740E0,3.569670105E1,3.777056122E1
4.686161525E1,-3.601951599E0,3.547324371E1,3.795101929E1
4.687167025E1,-3.472763062E0,3.591672516E1,3.811766052E1
4.688172525E1,-3.572792053E0,3.577999878E1,3.765840149E1
4.689178025E1,-3.662292480E0,3.557024384E1,3.753735352E1
4.690183525E1,-3.771110535E0,3.568330383E1,3.757837677E1
4.691189025E1,-3.904670715E0,3.557075500E1,3.808815002E1
4.692194525E1,-3.549003601E0,3.546646881E1,3.823553467E1
4.693200025E1,-3.297042847E0,3.561017609E1,3.824233246E1
4.694205525E1,-3.348876953E0,3.560054016E1,3.801030731E1
4.695211025E1,-3.271125793E0,3.564311981E1,3.782552338E1
4.696216525E1,-3.354095459E0,3.579589844E1,3.797559357E1
4.697222025E1,-3.436790466E0,3.572589111E1,3.814586639E1
4.698227525E1,-3.213211060E0,3.575900269E1,3.807455444E1
4.699233025E1,-3.105751038E0,3.560733032E1,3.797957611E1
4.700238525E1,-3.278511047E0,3.563600159E1,3.768429565E1
4.701244025E1,-3.435211182E0,3.560405731E1,3.798135376E1
4.702249525E1,-3.837043762E0,3.564865875E1,3.787325287E1
4.703255025E1,-3.595680237E0,3.560157013E1,3.828731537E1
4.704260525E1,-3.590911865E0,3.577095032E1,3.804198456E1
4.705266025E1,-3.569488525E0,3.571263885E1,3.815412903E1
4.706271525E1,-3.491325378E0,3.543123627E1,3.836512756E1
4.707277025E1,-3.808944702E0,3.519431305E1,3.827511597E1
4.708282525E1,-3.972099304E0,3.510623932E1,3.853472137E1
4.709288025E1,-3.818923950E0,3.504476166E1,3.860931396E1
4.710293525E1,-3.983474731E0,3.486334991E1,3.860717773E1
4.711299025E1,-3.981407166E0,3.473943329E1,3.860301971E1
4.712304525E1,-4.224929810E0,3.467759705E1,3.858783722E1
4.713310025E1,-4.151252747E0,3.464070892E1,3.882804108E1
4.714315525E1,-4.084274292E0,3.470024109E1,3.874795532E1
4.715321025E1,-4.305587769E0,3.484028625E1,3.833256531E1
4.716326525E1,-4.293418884E0,3.488819885E1,3.850914001E1
4.717332025E1,-4.271400452E0,3.494050598E1,3.832483673E1
4.718337525E1,-4.358497620E0,3.549277496E1,3.820907593E1
4.719343025E1,-4.539016724E0,3.572649384E1,3.794771576E1
4.720348525E1,-4.498466492E0,3.610145569E1,3.730348969E1
4.721354025E1,-4.458930969E0,3.650077057E1,3.712580109E1
4.722359525E1,-3.957092285E0,3.676754761E1,3.693244171E1
4.723365025E1,-3.451850891E0,3.709568787E1,3.690049744E1
4.724370525E1,-2.802764893E0,3.713023376E1,3.700299072E1
4.725376025E1,-1.999366760E0,3.700782013E1,3.734612274E1
4.726381525E1,-1.168487549E0,3.715991211E1,3.746298218E1
4.727387025E1,-4.117202759E-1,3.684472656E1,3.768131256E1
4.728392525E1,3.272476196E-1,3.662078857E1,3.781204987E1
4.729398025E1,7.999649048E-1,3.629667664E1,3.848109436E1
4.730403525E1,1.283138275E0,3.601544189E1,3.900694275E1
4.731409025E1,1.900108337E0,3.590738678E1,3.946727753E1
4.732414525E1,2.539958954E0,3.558321381E1,3.992207336E1
4.733420025E1,3.197349548E0,3.492265320E1,4.054460144E1
4.734425525E1,3.690128326E0,3.431577301E1,4.070599365E1
4.735431025E1,4.016269684E0,3.420703888E1,4.139772797E1
4.736436525E1,4.321102142E0,3.352457428E1,4.157309723E1
4.737442025E1,4.619171143E0,3.305821228E1,4.170880890E1
4.738447525E1,4.783473969E0,3.281693268E1,4.179941559E1
4.739453025E1,5.133087158E0,3.255798340E1,4.211278534E1
4.740458525E1,5.230758667E0,3.252003479E1,4.229801178E1
4.741464025E1,5.533683777E0,3.256966400E1,4.234318542E1
4.742469525E1,5.654819489E0,3.214829254E1,4.286283112E1
4.743475025E1,5.597064972E0,3.214023590E1,4.291674042E1
4.744480525E1,5.956947327E0,3.217360687E1,4.279621124E1
4.745486025E1,5.610145569E0,3.182386017E1,4.311283875E1
4.746491525E1,5.625614166E0,3.184170532E1,4.328485107E1
4.747497025E1,5.425373077E0,3.162725830E1,4.354135132E1
4.748502525E1,5.194580078E0,3.152230835E1,4.353151703E1
4.749508025E1,5.412208557E0,3.141739655E1,4.374848938E1
4.750513525E1,4.984333038E0,3.138513947E1,4.359394073E1
4.751519025E1,4.214866638E0,3.127052307E1,4.354875183E1
4.752524525E1,3.684097290E0,3.110869598E1,4.322635651E1
4.753530025E1,2.865676880E0,3.074430847E1,4.360679626E1
4.754535525E1,2.752288818E0,3.066941833E1,4.364620209E1
4.755541025E1,2.948715210E0,3.049474335E1,4.396306610E1
4.756546525E1,3.276134491E0,3.028374481E1,4.415185547E1
4.757552025E1,3.420845032E0,3.021109772E1,4.424119568E1
4.758557525E1,3.415222168E0,3.014025116E1,4.418027496E1
4.759563025E1,3.355026245E0,2.977438354E1,4.440401459E1
4.760568525E1,2.993637085E0,2.984648132E1,4.458267212E1
4.761574025E1,2.912261963E0,3.012831879E1,4.467080688E1
4.762579525E1,2.830604553E0,2.984809113E1,4.425338745E1
4.763585025E1,2.661514282E0,2.986889648E1,4.396948242E1
4.764590525E1,2.691463470E0,2.982643890E1,4.419448090E1
4.765596025E1,2.370693207E0,2.979833984E1,4.414324951E1
4.766601525E1,2.126171112E0,3.028813171E1,4.393503571E1
4.767607025E1,2.178031921E0,3.013072968E1,4.407999420E1
4.768612525E1,2.305671692E0,3.012328339E1,4.405712128E1
4.769618025E1,2.227893829E0,2.997758484E1,4.392746735E1
4.770623525E1,2.346530914E0,3.004441833E1,4.399625397E1
4.771629025E1,2.549133301E0,2.982490540E1,4.420805359E1
4.772634525E1,2.701068878E0,3.013230896E1,4.382584381E1
4.773640025E1,2.465560913E0,3.029888916E1,4.370998383E1
4.774645525E1,2.468143463E0,3.030179596E1,4.366514587E1
4.775651025E1,2.587043762E0,3.009854126E1,4.394136047E1
4.776656525E1,2.677669525E0,3.010919189E1,4.401784515E1
4.777662025E1,2.936843872E0,2.985704803E1,4.372008514E1
4.778667525E1,3.205230713E0,2.969345093E1,4.352571869E1
4.779673025E1,3.204330444E0,2.978033447E1,4.401195526E1
4.780678525E1,3.381023407E0,2.962715912E1,4.410108948E1
4.781684025E1,3.605377197E0,2.939968109E1,4.454604340E1
4.782689525E1,3.909099579E0,2.920308685E1,4.453275299E1
4.783695025E1,4.199069977E0,2.930094147E1,4.500821686E1
4.784700525E1,4.221778870E0,2.902494049E1,4.486322784E1
4.785706025E1,4.410942078E0,2.894058228E1,4.497090912E1
4.786711525E1,4.656627655E0,2.873333740E1,4.479369354E1
4.787717025E1,4.679241180E0,2.849269104E1,4.497116089E1
4.788722525E1,4.516250610E0,2.862313080E1,4.495882416E1
4.789728025E1,4.451622009E0,2.877439117E1,4.485527039E1
4.790733525E1,4.379108429E0,2.912104797E1,4.416487885E1
4.791739025E1,3.992759705E0,2.933260345E1,4.445989227E1
4.792744504E1,4.026630402E0,2.928096771E1,4.434723663E1
4.793750004E1,3.671142578E0,2.939623260E1,4.424865723E1
4.794755504E1,3.830608368E0,2.925633240E1,4.452927399E1
4.795761004E1,4.192699432E0,2.907288361E1,4.487129974E1
4.796766504E1,4.583839417E0,2.896997833E1,4.469899750E1
4.797772004E1,5.000438690E0,2.875314331E1,4.510937500E1
4.798777504E1,5.702552795E0,2.857344055E1,4.475035095E1
4.799783004E1,6.051197052E0,2.854955292E1,4.455021667E1
4.800788504E1,6.162052155E0,2.845233154E1,4.465304565E1
4.801794004E1,6.271213531E0,2.843257904E1,4.489868927E1
4.802799504E1,6.226417542E0,2.826553345E1,4.501047516E1
4.803805004E1,6.329082489E0,2.825427246E1,4.483047485E1
4.804810504E1,6.391105652E0,2.820099640E1,4.478570557E1
4.805816004E1,6.300601959E0,2.813475800E1,4.479817963E1
4.806821504E1,5.994247437E0,2.788056946E1,4.536872101E1
4.807827004E1,6.103641510E0,2.791349030E1,4.530713654E1
4.808832504E1,6.198570251E0,2.790419769E1,4.494815826E1
4.809838004E1,6.109703064E0,2.788020325E1,4.508209229E1
4.810843504E1,5.882148743E0,2.784057617E1,4.505555725E1
4.811849004E1,5.543273926E0,2.785363770E1,4.553781128E1
4.812854504E1,5.359333038E0,2.815109253E1,4.499835205E1
4.813860004E1,5.305923462E0,2.804108429E1,4.484529114E1
4.814865504E1,5.235466003E0,2.815346527E1,4.479838562E1
4.815871004E1,5.140411377E0,2.793012238E1,4.505127716E1
4.816876504E1,5.088249207E0,2.817340851E1,4.513432312E1
4.817882004E1,5.110496521E0,2.804115295E1,4.489325714E1
4.818887504E1,4.929759979E0,2.796765900E1,4.495125580E1
4.819893004E1,4.996761322E0,2.801043701E1,4.505320740E1
4.820898504E1,4.800685883E0,2.787966919E1,4.512314606E1
4.821904004E1,4.927734375E0,2.764675903E1,4.518466187E1
4.822909504E1,4.952007294E0,2.773579407E1,4.534671783E1
4.823915004E1,4.799190521E0,2.771109772E1,4.535888672E1
4.824920504E1,4.727523804E0,2.748547363E1,4.580426025E1
4.825926004E1,4.695884705E0,2.752811432E1,4.558968353E1
4.826931504E1,4.603404999E0,2.755888367E1,4.545819855E1
4.827937004E1,5.196914673E0,2.732959747E1,4.549815369E1
4.828942604E1,5.260746002E0,2.747186279E1,4.557534790E1
4.829948004E1,5.279754639E0,2.736461639E1,4.555667114E1
4.830953604E1,5.407825470E0,2.723005676E1,4.561933136E1
4.831959004E1,5.531833649E0,2.706414032E1,4.596898651E1
4.832964604E1,5.879032135E0,2.721144867E1,4.589517975E1
4.833970004E1,6.014427185E0,2.675191498E1,4.571221924E1
4.834975604E1,5.876197815E0,2.664556885E1,4.581134796E1
4.835981104E1,5.683856964E0,2.668670654E1,4.552397919E1
4.836986604E1,5.818454742E0,2.668630981E1,4.561807251E1
4.837992004E1,5.678710938E0,2.669152069E1,4.539108276E1
4.838997604E1,5.778335571E0,2.690036774E1,4.522142792E1
4.840003104E1,5.500156403E0,2.718701172E1,4.520828247E1
4.841008604E1,5.677314758E0,2.705001831E1,4.528177643E1
4.842014104E1,5.583034515E0,2.731914520E1,4.498404694E1
4.843019604E1,5.468044281E0,2.727652740E1,4.476899719E1
4.844025104E1,5.468585968E0,2.741996002E1,4.428097534E1
4.845030604E1,5.436790466E0,2.770655823E1,4.409015656E1
4.846036104E1,5.429737091E0,2.763305664E1,4.408354950E1
4.847041604E1,5.151569366E0,2.769943237E1,4.376158905E1
4.848047104E1,5.164093018E0,2.755003357E1,4.351455688E1
4.849052604E1,4.965309143E0,2.742281342E1,4.293146515E1
4.850058104E1,4.129852295E0,2.744042206E1,4.258475494E1
4.851063604E1,3.283386230E0,2.721170807E1,4.209687042E1
4.852069104E1,1.863536835E0,2.717675781E1,4.187989807E1
4.853074604E1,6.780700684E-1,2.699756622E1,4.144406891E1
4.854080104E1,-1.494667053E0,2.701780701E1,4.141665649E1
4.855085604E1,-4.404693604E0,2.721770477E1,4.163706207E1
4.856091104E1,-7.914985657E0,2.746771240E1,4.187017059E1
4.857096604E1,-1.200862122E1,2.847020721E1,4.245861053E1
4.858102104E1,-1.739120483E1,3.010121155E1,4.371099854E1
4.859107604E1,-2.299297333E1,3.242829895E1,4.544078827E1
4.860113104E1,-2.928327179E1,3.622616577E1,4.821010590E1
4.861118604E1,-3.557790375E1,4.148957062E1,5.139791107E1
4.862124104E1,-4.200890350E1,4.789926910E1,5.526731110E1
4.863129604E1,-4.790371704E1,5.602938843E1,5.919580841E1
4.864135104E1,-5.301772308E1,6.560753632E1,6.228368378E1
4.865140604E1,-5.685552216E1,7.571115875E1,6.392652130E1
4.866146104E1,-5.883209229E1,8.600324249E1,6.430232239E1
4.867151604E1,-5.937767792E1,9.530092621E1,6.252597046E1
4.868157104E1,-5.852784729E1,1.037219620E2,6.000187683E1
4.869162604E1,-5.805152130E1,1.110367203E2,5.709710693E1
4.870168104E1,-5.817052460E1,1.182019730E2,5.494233704E1
4.871173604E1,-5.966407013E1,1.251705246E2,5.287715912E1
4.872179104E1,-6.248603821E1,1.329432373E2,5.114906311E1
4.873184604E1,-6.650629425E1,1.417838440E2,4.839929199E1
4.874190104E1,-7.063037872E1,1.509952698E2,4.385083771E1
4.875195604E1,-7.483889008E1,1.609023438E2,3.597208405E1
4.876201104E1,-7.777404022E1,1.704969482E2,2.393541718E1
4.877206604E1,-7.960373688E1,1.791398926E2,8.834320068E0
4.878212104E1,-8.026172638E1,1.862481689E2,-8.211563110E0
4.879217604E1,-7.828131866E1,1.894433289E2,-2.772132874E1
4.880223104E1,-7.394786835E1,1.874259644E2,-4.736360168E1
4.881228604E1,-6.859056854E1,1.812169189E2,-6.253771973E1
4.882234104E1,-6.221213531E1,1.712019348E2,-6.951469421E1
4.883239604E1,-4.836360931E1,1.521413574E2,-6.468817139E1
4.884245104E1,-4.437628937E1,1.514901428E2,-6.535406494E1
4.885250604E1,-4.333683777E1,1.514462585E2,-6.573017883E1
4.886256104E1,-4.285948944E1,1.517148438E2,-6.606330872E1
4.887261604E1,-4.258868408E1,1.518426208E2,-6.619573975E1
4.888267104E1,-4.251751709E1,1.519452515E2,-6.591754150E1
4.889272604E1,-4.247201538E1,1.516331482E2,-6.597810364E1
4.890278104E1,-4.253401184E1,1.513831177E2,-6.626905823E1
4.891283604E1,-4.228401184E1,1.513336182E2,-6.606188965E1
4.892289104E1,-4.231501007E1,1.514468994E2,-6.592208862E1
4.893294554E1,-4.228905487E1,1.513023071E2,-6.578926086E1
4.894300054E1,-4.206728363E1,1.513186646E2,-6.637474060E1
4.895305554E1,-4.233028412E1,1.513938599E2,-6.634292603E1
4.896311054E1,-4.223535919E1,1.515568237E2,-6.622621155E1
4.897316554E1,-4.219607544E1,1.517611389E2,-6.643003845E1
4.898322054E1,-4.253599548E1,1.518201294E2,-6.624551392E1
4.899327554E1,-4.266683960E1,1.519676208E2,-6.596032715E1
4.900333054E1,-4.302021790E1,1.519986572E2,-6.608442688E1
4.901338554E1,-4.321131897E1,1.517861023E2,-6.620413208E1
4.902344054E1,-4.323257446E1,1.516919250E2,-6.591458130E1
4.903349554E1,-4.338954163E1,1.514868469E2,-6.596289062E1
4.904355054E1,-4.313565063E1,1.513246460E2,-6.566520691E1
4.905360554E1,-4.315525055E1,1.510032959E2,-6.569343567E1
4.906366054E1,-4.265238190E1,1.508631287E2,-6.535467529E1
4.907371554E1,-4.294261932E1,1.504787598E2,-6.528959656E1
4.908377054E1,-4.276895905E1,1.501911621E2,-6.494979858E1
4.909382554E1,-4.249563599E1,1.499756775E2,-6.456904602E1
4.910388054E1,-4.230032349E1,1.495276184E2,-6.437644958E1
4.911393554E1,-4.205017090E1,1.491058350E2,-6.429338074E1
4.912399054E1,-4.232373047E1,1.487548523E2,-6.392346191E1
4.913404554E1,-4.196165466E1,1.484096375E2,-6.374720764E1
4.914410054E1,-4.181790924E1,1.481283264E2,-6.383535767E1
4.915415554E1,-4.162213898E1,1.481141357E2,-6.372434998E1
4.916421054E1,-4.119368744E1,1.484951782E2,-6.378778076E1
4.917426554E1,-4.098141479E1,1.489224548E2,-6.424639893E1
4.918432054E1,-4.070646667E1,1.492496948E2,-6.481561279E1
4.919437554E1,-4.052988434E1,1.494403687E2,-6.506628418E1
4.920443054E1,-4.050031281E1,1.496075134E2,-6.523042297E1
4.921448554E1,-4.041580200E1,1.495800476E2,-6.543141174E1
4.922454054E1,-3.991374969E1,1.495782166E2,-6.529541016E1
4.923459554E1,-3.986003113E1,1.498816833E2,-6.587622070E1
4.924465054E1,-3.962532043E1,1.498124084E2,-6.561035156E1
4.925470554E1,-3.944561768E1,1.497471924E2,-6.561366272E1
4.926476054E1,-3.944066620E1,1.497745056E2,-6.582914734E1
4.927481554E1,-3.932113647E1,1.498553772E2,-6.527812195E1
4.928487054E1,-3.921893311E1,1.495620117E2,-6.524397278E1
4.929492554E1,-3.880245209E1,1.494701843E2,-6.541854858E1
4.930498054E1,-3.876452637E1,1.494254761E2,-6.537315369E1
4.931503554E1,-3.879757690E1,1.494430542E2,-6.556132507E1
4.932509054E1,-3.879486084E1,1.494612427E2,-6.530291748E1
4.933514554E1,-3.846473694E1,1.493763123E2,-6.502685547E1
4.934520054E1,-3.862923431E1,1.492858276E2,-6.522300720E1
4.935525554E1,-3.851964569E1,1.491624451E2,-6.554200745E1
4.936531054E1,-3.840612030E1,1.493477173E2,-6.569636536E1
4.937536554E1,-3.833795929E1,1.492812500E2,-6.546342468E1
4.938542054E1,-3.847109985E1,1.493802185E2,-6.588514709E1
4.939547554E1,-3.871062469E1,1.494924011E2,-6.537207031E1
4.940553054E1,-3.867740631E1,1.493269958E2,-6.541528320E1
4.941558554E1,-3.883116150E1,1.494169006E2,-6.552011108E1
4.942564054E1,-3.889796448E1,1.495672913E2,-6.554550171E1
4.943569554E1,-3.899124908E1,1.498181152E2,-6.518867493E1
4.944575054E1,-3.915003204E1,1.498271790E2,-6.549649048E1
4.945580554E1,-3.952480316E1,1.498319702E2,-6.563993835E1
4.946586054E1,-3.964932251E1,1.497370300E2,-6.559527588E1
4.947591554E1,-3.998237610E1,1.498139343E2,-6.506167603E1
4.948597054E1,-4.073567200E1,1.499793396E2,-6.505583191E1
4.949602554E1,-4.125110626E1,1.499096069E2,-6.508642578E1
4.950608054E1,-4.195596313E1,1.500187988E2,-6.522010803E1
4.951613554E1,-4.209706879E1,1.503216858E2,-6.552912903E1
4.952619054E1,-4.247230530E1,1.502998962E2,-6.540986633E1
4.953624554E1,-4.302201843E1,1.503572388E2,-6.498103333E1
4.954630054E1,-4.362297821E1,1.505295410E2,-6.512083435E1
4.955635554E1,-4.423212433E1,1.501904907E2,-6.518411255E1
4.956641054E1,-4.470436859E1,1.501516724E2,-6.492343140E1
4.957646554E1,-4.490670776E1,1.502200012E2,-6.459208679E1
4.958652054E1,-4.493561554E1,1.500464172E2,-6.421092224E1
4.959657554E1,-4.486074066E1,1.500794678E2,-6.472872925E1
4.960663054E1,-4.518247986E1,1.499269104E2,-6.490232849E1
4.961668554E1,-4.532685852E1,1.497093201E2,-6.490475464E1
4.962674054E1,-4.541038513E1,1.498203430E2,-6.498808289E1
4.963679554E1,-4.553887177E1,1.499384155E2,-6.488656616E1
4.964685054E1,-4.596736908E1,1.498545532E2,-6.488227844E1
4.965690554E1,-4.637236023E1,1.497488403E2,-6.487796021E1
4.966696054E1,-4.660980225E1,1.499164734E2,-6.481661987E1
4.967701554E1,-4.675777435E1,1.499951477E2,-6.484333801E1
4.968707054E1,-4.693419647E1,1.499033813E2,-6.455842590E1
4.969712554E1,-4.697978210E1,1.498288574E2,-6.483018494E1
4.970718054E1,-4.712335205E1,1.498522034E2,-6.512013245E1
4.971723554E1,-4.720235443E1,1.499715576E2,-6.476257324E1
4.972729054E1,-4.718833923E1,1.499956665E2,-6.484425354E1
4.973734554E1,-4.760285950E1,1.500088806E2,-6.523275757E1
4.974740054E1,-4.794898987E1,1.502964783E2,-6.516841125E1
4.975745554E1,-4.847932434E1,1.504530334E2,-6.555546570E1
4.976751054E1,-4.881024933E1,1.509484558E2,-6.541075134E1
4.977756554E1,-4.900034332E1,1.511413269E2,-6.577360535E1
4.978762054E1,-4.944212341E1,1.512303772E2,-6.585574341E1
4.979767554E1,-4.936528015E1,1.514111938E2,-6.597322083E1
4.980773054E1,-4.958795166E1,1.511879578E2,-6.653703308E1
4.981778554E1,-4.981303406E1,1.512490234E2,-6.639402771E1
4.982784054E1,-5.008344269E1,1.513059692E2,-6.611781311E1
4.983789554E1,-5.012216949E1,1.513483276E2,-6.669584656E1
4.984795054E1,-5.035379791E1,1.516615601E2,-6.691677856E1
4.985800554E1,-5.061484528E1,1.518568115E2,-6.695127869E1
4.986806054E1,-5.093154144E1,1.521615601E2,-6.717083740E1
4.987811554E1,-5.087713623E1,1.523084717E2,-6.708755493E1
4.988817054E1,-5.068854523E1,1.527056274E2,-6.693661499E1
4.989822554E1,-5.091326141E1,1.529183044E2,-6.734358215E1
4.990828054E1,-5.137513733E1,1.531392212E2,-6.739280701E1
4.991833554E1,-5.198089600E1,1.535672913E2,-6.804335022E1
4.992839087E1,-5.237637329E1,1.539467468E2,-6.792382812E1
4.993844587E1,-5.263627625E1,1.541304016E2,-6.835322571E1
4.994850088E1,-5.256024933E1,1.543964844E2,-6.844888306E1
4.995855587E1,-5.264749908E1,1.547203064E2,-6.869970703E1
4.996861087E1,-5.270325470E1,1.548152466E2,-6.917977905E1
4.997866588E1,-5.280567932E1,1.550812073E2,-6.932041931E1
4.998872088E1,-5.321763611E1,1.550371399E2,-6.942047119E1
4.999877587E1,-5.341205597E1,1.551912842E2,-6.945497131E1
5.000883087E1,-5.354370117E1,1.552419739E2,-6.961401367E1
5.001888588E1,-5.354866028E1,1.554579468E2,-6.976580811E1
5.002894087E1,-5.362933350E1,1.555952759E2,-7.007005310E1
5.003899587E1,-5.352689362E1,1.557059326E2,-6.970716858E1
5.004905088E1,-5.328347778E1,1.559547729E2,-6.983375549E1
5.005910587E1,-5.326672363E1,1.558581848E2,-6.958493042E1
5.006916087E1,-5.344905853E1,1.560092163E2,-7.041029358E1
5.007921587E1,-5.349183655E1,1.561255493E2,-7.041587830E1
5.008927088E1,-5.333016205E1,1.558652954E2,-7.039875793E1
5.009932587E1,-5.344258881E1,1.561281738E2,-7.036157227E1
5.010938087E1,-5.330676270E1,1.560801392E2,-7.053985596E1
5.011943588E1,-5.352033997E1,1.563014221E2,-7.079908752E1
5.012949087E1,-5.338034821E1,1.562830200E2,-7.090971375E1
5.013954587E1,-5.325453186E1,1.563829041E2,-7.092417908E1
5.014960088E1,-5.313616180E1,1.565250244E2,-7.088960266E1
5.015965588E1,-5.307772064E1,1.565083313E2,-7.077317810E1
5.016971087E1,-5.281838226E1,1.565502319E2,-7.038059998E1
5.017976587E1,-5.287737274E1,1.566830444E2,-7.044256592E1
5.018982088E1,-5.294715881E1,1.566206055E2,-7.044419861E1
5.019987587E1,-5.269391632E1,1.565194092E2,-7.059588623E1
5.020993087E1,-5.254260254E1,1.564040833E2,-7.077294922E1
5.021998588E1,-5.250546265E1,1.562591553E2,-7.064678955E1
5.023004088E1,-5.264588928E1,1.564789429E2,-7.049320984E1
5.024009587E1,-5.263970184E1,1.564178772E2,-7.066702271E1
5.025015087E1,-5.260803223E1,1.564266357E2,-7.090412903E1
5.026020588E1,-5.251078796E1,1.564775085E2,-7.081597900E1
5.027026087E1,-5.246124268E1,1.564102478E2,-7.055743408E1
5.028031587E1,-5.241123962E1,1.561984253E2,-7.043725586E1
5.029037088E1,-5.241662598E1,1.564635925E2,-7.038975525E1
5.030042588E1,-5.231747437E1,1.566322021E2,-7.042807007E1
5.031048087E1,-5.242179108E1,1.564570923E2,-7.064700317E1
5.032053587E1,-5.273704529E1,1.563622131E2,-7.079707336E1
5.033059088E1,-5.256446838E1,1.565452881E2,-7.066300964E1
5.034064587E1,-5.259669495E1,1.564088440E2,-7.066520691E1
5.035070187E1,-5.280340576E1,1.564358826E2,-7.013191223E1
5.036075588E1,-5.285092926E1,1.565070801E2,-7.036328125E1
5.037081188E1,-5.287387848E1,1.565190735E2,-7.036973572E1
5.038086587E1,-5.278746033E1,1.567850647E2,-7.065097046E1
5.039092187E1,-5.276970673E1,1.564962158E2,-7.046086121E1
5.040097588E1,-5.287647247E1,1.564620972E2,-7.044049072E1
5.041103188E1,-5.293219757E1,1.564239502E2,-7.031469727E1
5.042108587E1,-5.270299530E1,1.563627930E2,-7.059753418E1
5.043114088E1,-5.263734436E1,1.564996338E2,-7.077328491E1
5.044119688E1,-5.276497650E1,1.562737122E2,-7.065122986E1
5.045125087E1,-5.264463043E1,1.564503784E2,-7.046719360E1
5.046130687E1,-5.265788269E1,1.563472595E2,-7.091184998E1
5.047136188E1,-5.243151093E1,1.565564575E2,-7.090550232E1
5.048141688E1,-5.270606995E1,1.565058289E2,-7.081964111E1
5.049147187E1,-5.258670807E1,1.564867249E2,-7.086933899E1
5.050152687E1,-5.246394348E1,1.564903870E2,-7.083837891E1
5.051158188E1,-5.270598602E1,1.566889954E2,-7.081455994E1
5.052163687E1,-5.276697540E1,1.565398865E2,-7.050961304E1
5.053169187E1,-5.276697540E1,1.565398865E2,-7.050961304E1
5.054174688E1,-5.276902771E1,1.562897644E2,-7.061318970E1
5.055180188E1,-5.257524109E1,1.562642822E2,-7.062718201E1
5.056185687E1,-5.271215820E1,1.562341614E2,-7.039900208E1
5.057191187E1,-5.273422241E1,1.561617126E2,-7.032150269E1
5.058196688E1,-5.253154755E1,1.564535217E2,-7.048348999E1
5.059202187E1,-5.258632660E1,1.564442139E2,-7.044230652E1
5.060207687E1,-5.251824188E1,1.565762024E2,-7.060617065E1
5.061213188E1,-5.263320923E1,1.562814941E2,-7.026884460E1
5.062218687E1,-5.280339813E1,1.563369751E2,-7.038644409E1
5.063224187E1,-5.287624359E1,1.564397583E2,-7.047918701E1
5.064229687E1,-5.272896576E1,1.564557800E2,-7.045431519E1
5.065235188E1,-5.261462402E1,1.566670837E2,-7.041981506E1
5.066240687E1,-5.256320190E1,1.563873291E2,-7.067260742E1
5.067246187E1,-5.294823456E1,1.564643250E2,-7.072644043E1
5.068251688E1,-5.296442413E1,1.565519714E2,-7.074786377E1
5.069257187E1,-5.288099670E1,1.565996094E2,-7.054411316E1
5.070262687E1,-5.282422638E1,1.568099670E2,-7.052880859E1
5.071268187E1,-5.277278900E1,1.567169495E2,-7.038243103E1
5.072273688E1,-5.267359161E1,1.565751953E2,-7.050712585E1
5.073279187E1,-5.270787811E1,1.567020569E2,-7.040251160E1
5.074284687E1,-5.261994171E1,1.568103943E2,-7.052029419E1
5.075290188E1,-5.269947815E1,1.568378296E2,-7.071194458E1
5.076295687E1,-5.240026855E1,1.566874390E2,-7.050170898E1
5.077301187E1,-5.268492889E1,1.569172058E2,-7.043443298E1
5.078306688E1,-5.286113739E1,1.566412964E2,-7.068934631E1
5.079312188E1,-5.283857727E1,1.567231750E2,-7.051962280E1
5.080317687E1,-5.295241547E1,1.568891602E2,-7.013694763E1
5.081323187E1,-5.281028748E1,1.567019348E2,-7.022760010E1
5.082328688E1,-5.295083618E1,1.567449951E2,-7.059669495E1
5.083334187E1,-5.291362000E1,1.567380371E2,-7.059240723E1
5.084339687E1,-5.275508881E1,1.567756653E2,-7.078929138E1
5.085345188E1,-5.270301819E1,1.566978149E2,-7.064273071E1
5.086350688E1,-5.270407104E1,1.568140259E2,-7.067485046E1
5.087356187E1,-5.271231842E1,1.568749695E2,-7.051361084E1
5.088361687E1,-5.279414368E1,1.566963806E2,-7.031120300E1
5.089367188E1,-5.291266632E1,1.566948853E2,-7.051858521E1
5.090372687E1,-5.264830017E1,1.568357849E2,-7.041619873E1
5.091378187E1,-5.256835938E1,1.569325562E2,-7.042573547E1
5.092383688E1,-5.287495422E1,1.566589050E2,-7.044671631E1
5.093389192E1,-5.299669647E1,1.565455933E2,-7.036064148E1
5.094394692E1,-5.286893463E1,1.566944275E2,-7.073185730E1
5.095400192E1,-5.286016083E1,1.568266602E2,-7.086631775E1
5.096405692E1,-5.280273438E1,1.567791443E2,-7.069195557E1
5.097411192E1,-5.295536804E1,1.565833435E2,-7.053161621E1
5.098416692E1,-5.323384857E1,1.566562195E2,-7.038862610E1
5.099422192E1,-5.293082428E1,1.563529663E2,-7.009693909E1
5.100427692E1,-5.277520752E1,1.564966125E2,-7.003401184E1
5.101433192E1,-5.275915527E1,1.564154968E2,-7.059910583E1
5.102438692E1,-5.282128143E1,1.564924927E2,-7.045379639E1
5.103444192E1,-5.289925385E1,1.564629822E2,-7.038664246E1
5.104449692E1,-5.290549469E1,1.566240540E2,-7.042851257E1
5.105455192E1,-5.280097198E1,1.565520325E2,-7.047111511E1
5.106460692E1,-5.287382507E1,1.565941467E2,-7.026049805E1
5.107466192E1,-5.276872253E1,1.567847900E2,-7.047937012E1
5.108471692E1,-5.280837250E1,1.567911987E2,-7.040742493E1
5.109477192E1,-5.300549316E1,1.567789001E2,-7.039469910E1
5.110482692E1,-5.292124176E1,1.565493164E2,-7.039863586E1
5.111488192E1,-5.295320129E1,1.566886292E2,-7.064530945E1
5.112493692E1,-5.295119476E1,1.565719299E2,-7.025871277E1
5.113499192E1,-5.289717865E1,1.564162903E2,-7.038879395E1
5.114504692E1,-5.293665314E1,1.567214661E2,-7.030212402E1
5.115510192E1,-5.293394470E1,1.568905640E2,-7.020396423E1
5.116515692E1,-5.275346375E1,1.566013489E2,-7.020445251E1
5.117521192E1,-5.252420807E1,1.567509155E2,-7.040730286E1
5.118526692E1,-5.270183563E1,1.568028259E2,-7.029194641E1
5.119532192E1,-5.278823853E1,1.564915771E2,-7.016055298E1
5.120537692E1,-5.288966370E1,1.564891357E2,-7.034194946E1
5.121543192E1,-5.296804810E1,1.563889771E2,-7.000709534E1
5.122548692E1,-5.288442993E1,1.565131226E2,-7.019972229E1
5.123554192E1,-5.280437469E1,1.565945435E2,-7.020100403E1
5.124559692E1,-5.275878906E1,1.564765930E2,-7.051210022E1
5.125565192E1,-5.299197388E1,1.563402100E2,-7.021604919E1
5.126570692E1,-5.295361328E1,1.564681702E2,-7.025018311E1
5.127576192E1,-5.296163177E1,1.566010132E2,-7.029144287E1
5.128581692E1,-5.286306763E1,1.565234680E2,-7.058264160E1
5.129587192E1,-5.266971588E1,1.564938660E2,-7.060755920E1
5.130592692E1,-5.285720062E1,1.565577087E2,-7.046701050E1
5.131598192E1,-5.276638031E1,1.564468384E2,-7.063905334E1
5.132603692E1,-5.284095001E1,1.564457703E2,-7.044894409E1
5.133609192E1,-5.262460327E1,1.564968262E2,-7.026269531E1
5.134614692E1,-5.251007843E1,1.564962158E2,-7.038862610E1
5.135620192E1,-5.275379181E1,1.566453247E2,-7.048265076E1
5.136625692E1,-5.251851654E1,1.564187012E2,-7.043022156E1
5.137631192E1,-5.262691498E1,1.564908447E2,-7.068280029E1
5.138636692E1,-5.255773926E1,1.565908813E2,-7.072673035E1
5.139642192E1,-5.252835083E1,1.565401001E2,-7.045150757E1
5.140647692E1,-5.243253326E1,1.564569092E2,-7.044827271E1
5.141653192E1,-5.267376709E1,1.567323303E2,-7.016888428E1
5.142658692E1,-5.259358215E1,1.567973328E2,-7.035513306E1
5.143664192E1,-5.254648590E1,1.565775146E2,-7.053979492E1
5.144669692E1,-5.249304199E1,1.565306702E2,-7.080505371E1
5.145675192E1,-5.264556885E1,1.564528503E2,-7.109361267E1
5.146680692E1,-5.273351288E1,1.562772827E2,-7.064971924E1
5.147686192E1,-5.265383911E1,1.562438965E2,-7.043370056E1
5.148691692E1,-5.273298645E1,1.562800903E2,-7.007447815E1
5.149697192E1,-5.282640076E1,1.562882385E2,-7.016712952E1
5.150702692E1,-5.287567139E1,1.565191345E2,-7.051344299E1
5.151708192E1,-5.259053802E1,1.564457703E2,-7.032032776E1
5.152713692E1,-5.275157928E1,1.563953857E2,-7.061938477E1
5.153719192E1,-5.268103027E1,1.564258118E2,-7.043460083E1
5.154724692E1,-5.282991791E1,1.565626526E2,-7.035653687E1
5.155730192E1,-5.263940430E1,1.565188599E2,-7.068528748E1
5.156735692E1,-5.257015991E1,1.564962463E2,-7.021522522E1
5.157741192E1,-5.250069427E1,1.566503296E2,-7.024806213E1
5.158746692E1,-5.265471649E1,1.565812988E2,-7.056156921E1
5.159752192E1,-5.255627441E1,1.564138794E2,-7.045707703E1
5.160757692E1,-5.249377441E1,1.566618652E2,-7.057069397E1
5.161763192E1,-5.271609497E1,1.567279968E2,-7.055180359E1
5.162768692E1,-5.288885498E1,1.566046143E2,-7.061788940E1
5.163774192E1,-5.270343018E1,1.567801819E2,-7.033343506E1
5.164779692E1,-5.262715149E1,1.568076782E2,-7.023919678E1
5.165785192E1,-5.274030304E1,1.567881165E2,-7.039813232E1
5.166790692E1,-5.296040344E1,1.568592834E2,-7.017466736E1
5.167796192E1,-5.279681396E1,1.568905029E2,-7.005900574E1
5.168801692E1,-5.263663483E1,1.566962280E2,-7.015229797E1
5.169807192E1,-5.280837250E1,1.566764526E2,-7.031352234E1
5.170812692E1,-5.262965393E1,1.567525024E2,-7.041358948E1
5.171818192E1,-5.285499573E1,1.566177673E2,-7.035481262E1
5.172823692E1,-5.254297638E1,1.565006714E2,-7.013836670E1
5.173829192E1,-5.277790833E1,1.567202454E2,-7.019554138E1
5.174834692E1,-5.288084412E1,1.566141663E2,-7.034338379E1
5.175840192E1,-5.286537170E1,1.566556396E2,-7.025509644E1
5.176845692E1,-5.293527222E1,1.565547485E2,-7.053501892E1
5.177851192E1,-5.275255585E1,1.565191040E2,-7.044487000E1
5.178856692E1,-5.302614594E1,1.565778809E2,-7.042214966E1
5.179862192E1,-5.289604950E1,1.565191345E2,-7.064370728E1
5.180867692E1,-5.284897614E1,1.564649658E2,-7.040063477E1
5.181873192E1,-5.292136383E1,1.565328064E2,-7.043302917E1
5.182878692E1,-5.285860443E1,1.562250366E2,-7.065478516E1
5.183884192E1,-5.281418610E1,1.564876099E2,-7.060670471E1
5.184889692E1,-5.264911652E1,1.564217834E2,-7.051681519E1
5.185895192E1,-5.267747498E1,1.564911499E2,-7.019970703E1
5.186900692E1,-5.281262970E1,1.564090271E2,-7.056785583E1
5.187906192E1,-5.296398163E1,1.565541077E2,-7.064830017E1
5.188911692E1,-5.294452667E1,1.565340576E2,-7.059501648E1
5.189917192E1,-5.292136383E1,1.566390076E2,-7.062315369E1
5.190922692E1,-5.298471832E1,1.565333862E2,-7.045422363E1
5.191928192E1,-5.313649750E1,1.567219849E2,-7.061599731E1
5.192933692E1,-5.300028992E1,1.564574585E2,-7.022972107E1
5.193939150E1,-5.288742065E1,1.564267883E2,-6.989340210E1
5.194944650E1,-5.310456848E1,1.563736267E2,-7.014314270E1
5.195950150E1,-5.327519226E1,1.561505737E2,-7.006399536E1
5.196955650E1,-5.314245605E1,1.563274536E2,-6.988839722E1
5.197961250E1,-5.308722687E1,1.566340942E2,-6.977207947E1
5.198966650E1,-5.292675018E1,1.566586914E2,-7.007186890E1
5.199972250E1,-5.276487732E1,1.565269470E2,-7.011482239E1
5.200977750E1,-5.281754303E1,1.564502563E2,-7.008651733E1
5.201983250E1,-5.305449677E1,1.566497498E2,-7.051997375E1
5.202988750E1,-5.295896912E1,1.565337219E2,-7.022700500E1
5.203994250E1,-5.291309357E1,1.565618591E2,-7.022767639E1
5.204999750E1,-5.317226410E1,1.565884705E2,-7.044949341E1
5.206005250E1,-5.312162781E1,1.564314880E2,-7.054533386E1
5.207010750E1,-5.328691101E1,1.563943787E2,-7.076417542E1
5.208016250E1,-5.331978607E1,1.565217285E2,-7.043315125E1
5.209021750E1,-5.285637665E1,1.565709839E2,-7.062635803E1
5.210027250E1,-5.280977631E1,1.564513855E2,-7.044429016E1
5.211032750E1,-5.304161835E1,1.565758667E2,-7.085809326E1
5.212038250E1,-5.322910309E1,1.565032654E2,-7.049346924E1
5.213043750E1,-5.320893860E1,1.565976562E2,-7.064796448E1
5.214049250E1,-5.312580872E1,1.567795410E2,-7.060055542E1
5.215054750E1,-5.285666656E1,1.568088379E2,-7.080635071E1
5.216060250E1,-5.308645630E1,1.566807556E2,-7.073652649E1
5.217065750E1,-5.308345032E1,1.566661377E2,-7.072715759E1
5.218071250E1,-5.301162720E1,1.565202942E2,-7.085575867E1
5.219076750E1,-5.294980621E1,1.563249817E2,-7.037457275E1
5.220082250E1,-5.293930817E1,1.563845215E2,-7.057640076E1
5.221087750E1,-5.298061371E1,1.565540161E2,-7.064163208E1
5.222093250E1,-5.299800110E1,1.565938110E2,-7.061013794E1
5.223098750E1,-5.268698883E1,1.567084656E2,-7.049855042E1
5.224104250E1,-5.306259918E1,1.565905457E2,-7.070082092E1
5.225109750E1,-5.285908508E1,1.564281006E2,-7.019989014E1
5.226115250E1,-5.289144897E1,1.563449707E2,-7.039874268E1
5.227120750E1,-5.284570312E1,1.565503845E2,-7.044984436E1
5.228126250E1,-5.264079285E1,1.565504761E2,-7.063734436E1
5.229131750E1,-5.272921753E1,1.566238098E2,-7.042985535E1
5.230137250E1,-5.280818939E1,1.565208435E2,-7.047074890E1
5.231142750E1,-5.268178558E1,1.566440735E2,-7.053266907E1
5.232148250E1,-5.283448029E1,1.566436768E2,-7.038244629E1
5.233153750E1,-5.269274902E1,1.564196167E2,-7.035421753E1
5.234159250E1,-5.277200317E1,1.564850464E2,-7.063092041E1
5.235164750E1,-5.278070831E1,1.564172363E2,-7.035769653E1
5.236170250E1,-5.280696106E1,1.566430664E2,-7.066273499E1
5.237175750E1,-5.269969177E1,1.563427124E2,-7.040202332E1
5.238181250E1,-5.268852234E1,1.563638000E2,-7.027050781E1
5.239186750E1,-5.292326355E1,1.561777649E2,-7.030564880E1
5.240192250E1,-5.282437897E1,1.563132019E2,-6.991908264E1
5.241197750E1,-5.263053131E1,1.562349854E2,-7.018536377E1
5.242203250E1,-5.273110962E1,1.563302917E2,-6.988072205E1
5.243208750E1,-5.289810944E1,1.564231567E2,-7.019494629E1
5.244214250E1,-5.277098083E1,1.563696289E2,-7.013398743E1
5.245219750E1,-5.281256866E1,1.562840271E2,-7.036297607E1
5.246225250E1,-5.300289154E1,1.561344299E2,-6.973797607E1
5.247230750E1,-5.282265472E1,1.562816772E2,-7.006178284E1
5.248236250E1,-5.253132629E1,1.561867065E2,-7.046549988E1
5.249241750E1,-5.264321136E1,1.563303223E2,-7.028483582E1
5.250247250E1,-5.283219147E1,1.564142151E2,-7.018363953E1
5.251252750E1,-5.276982117E1,1.564625244E2,-7.005073547E1
5.252258250E1,-5.296504974E1,1.566613770E2,-6.959199524E1
5.253263750E1,-5.288436127E1,1.566405334E2,-7.029208374E1
5.254269250E1,-5.287509155E1,1.564729919E2,-7.049407959E1
5.255274750E1,-5.291921997E1,1.564151611E2,-7.020512390E1
5.256280250E1,-5.291220856E1,1.563746338E2,-7.002014160E1
5.257285750E1,-5.281938171E1,1.564039001E2,-7.014443970E1
5.258291250E1,-5.250427246E1,1.564226074E2,-7.043614197E1
5.259296750E1,-5.283760834E1,1.564708557E2,-7.032087708E1
5.260302250E1,-5.273921967E1,1.563044739E2,-7.043531799E1
5.261307750E1,-5.274145508E1,1.561469727E2,-7.038453674E1
5.262313250E1,-5.279784393E1,1.562502441E2,-6.997889709E1
5.263318750E1,-5.244718933E1,1.561334229E2,-6.998133850E1
5.264324250E1,-5.249871063E1,1.562178650E2,-7.020864868E1
5.265329750E1,-5.243837738E1,1.561401672E2,-7.013833618E1
5.266335250E1,-5.257460022E1,1.560075378E2,-7.011889648E1
5.267340750E1,-5.269226074E1,1.562495117E2,-6.972257996E1
5.268346250E1,-5.275394440E1,1.565639038E2,-6.964299011E1
5.269351750E1,-5.284998322E1,1.564857178E2,-6.982505798E1
5.270357250E1,-5.288449097E1,1.564600220E2,-6.979640198E1
5.271362750E1,-5.264764404E1,1.563364563E2,-7.005215454E1
5.272368250E1,-5.306098175E1,1.565245361E2,-7.017651367E1
5.273373750E1,-5.267796326E1,1.565057373E2,-7.021755981E1
5.274379250E1,-5.276692200E1,1.564458923E2,-7.020387268E1
5.275384750E1,-5.283994293E1,1.563845520E2,-7.027967834E1
5.276390250E1,-5.285437012E1,1.563484802E2,-7.000883484E1
5.277395750E1,-5.306214142E1,1.563507996E2,-7.022685242E1
5.278401250E1,-5.283409882E1,1.564268799E2,-7.002078247E1
5.279406750E1,-5.281357574E1,1.565398560E2,-7.014698792E1
5.280412250E1,-5.276702881E1,1.565818787E2,-6.987469482E1
5.281417750E1,-5.274278259E1,1.564636841E2,-6.996887207E1
5.282423250E1,-5.282454681E1,1.566304016E2,-6.994340515E1
5.283428750E1,-5.279736328E1,1.566625671E2,-7.015264893E1
5.284434250E1,-5.269786072E1,1.564194641E2,-7.035781860E1
5.285439750E1,-5.293376160E1,1.563720703E2,-6.980143738E1
5.286445250E1,-5.279874420E1,1.564977112E2,-6.960765076E1
5.287450750E1,-5.285935974E1,1.564847107E2,-6.952954102E1
5.288456250E1,-5.274655914E1,1.564081116E2,-6.998091125E1
5.289461750E1,-5.255071259E1,1.564710083E2,-6.962828064E1
5.290467250E1,-5.256140900E1,1.564558411E2,-6.999221802E1
5.291472750E1,-5.306808472E1,1.564493103E2,-6.999201965E1
5.292478250E1,-5.284564209E1,1.562862854E2,-6.985112000E1
5.293483775E1,-5.287442017E1,1.562318726E2,-6.981048584E1
5.294489275E1,-5.276020813E1,1.561072388E2,-6.981994629E1
5.295494775E1,-5.274423218E1,1.561047058E2,-6.993624878E1
5.296500275E1,-5.306024170E1,1.564609070E2,-6.995610046E1
5.297505775E1,-5.290721893E1,1.562717285E2,-7.016024780E1
5.298511275E1,-5.300246429E1,1.563819580E2,-6.986805725E1
5.299516775E1,-5.289378357E1,1.562267151E2,-6.977949524E1
5.300522275E1,-5.287075806E1,1.563352356E2,-6.973594666E1
5.301527775E1,-5.293441772E1,1.566142883E2,-7.000810242E1
5.302533275E1,-5.304893494E1,1.565227051E2,-6.966435242E1
5.303538775E1,-5.299302673E1,1.566921692E2,-7.014164734E1
5.304544275E1,-5.305870056E1,1.565517883E2,-7.034425354E1
5.305549775E1,-5.284064484E1,1.564731140E2,-7.035704041E1
5.306555275E1,-5.309883118E1,1.564686279E2,-7.017030334E1
5.307560775E1,-5.280713654E1,1.565289001E2,-7.025436401E1
5.308566275E1,-5.290912628E1,1.564481506E2,-7.037910461E1
5.309571775E1,-5.316263580E1,1.564990845E2,-7.021475220E1
5.310577275E1,-5.317835236E1,1.565457764E2,-7.032800293E1
5.311582775E1,-5.303431702E1,1.562933044E2,-7.007086182E1
5.312588275E1,-5.266297913E1,1.563077087E2,-7.038987732E1
5.313593775E1,-5.307514954E1,1.564962463E2,-7.061961365E1
5.314599275E1,-5.319549561E1,1.564418945E2,-7.045484924E1
5.315604775E1,-5.304779816E1,1.564303284E2,-7.047703552E1
5.316610375E1,-5.301436615E1,1.565926819E2,-7.044770813E1
5.317615875E1,-5.318702698E1,1.565675354E2,-7.042512512E1
5.318621375E1,-5.281894684E1,1.563940125E2,-7.088763428E1
5.319626875E1,-5.281309509E1,1.562961731E2,-7.062751770E1
5.320632375E1,-5.286112976E1,1.564754333E2,-7.059608459E1
5.321637875E1,-5.291674042E1,1.566302185E2,-7.032942200E1
5.322643375E1,-5.282772064E1,1.565733643E2,-7.070780945E1
5.323648875E1,-5.284223938E1,1.566488037E2,-7.077651978E1
5.324654375E1,-5.291113281E1,1.564985352E2,-7.054840088E1
5.325659875E1,-5.311067963E1,1.564723206E2,-7.032846069E1
5.326665375E1,-5.288358307E1,1.565184631E2,-7.039073181E1
5.327670875E1,-5.277490234E1,1.564888000E2,-7.027749634E1
5.328676375E1,-5.272179413E1,1.565597534E2,-7.040650940E1
5.329681875E1,-5.289321136E1,1.564855957E2,-7.037040710E1
5.330687375E1,-5.283227539E1,1.563908691E2,-7.033921814E1
5.331692875E1,-5.287741089E1,1.564320374E2,-7.036183167E1
5.332698375E1,-5.290278625E1,1.563935547E2,-7.040921021E1
5.333703875E1,-5.281124878E1,1.564807434E2,-7.085812378E1
5.334709375E1,-5.289914703E1,1.562386475E2,-7.050585938E1
5.335714875E1,-5.273269653E1,1.561899719E2,-7.055650330E1
5.336720375E1,-5.280860901E1,1.563613586E2,-7.030853271E1
5.337725875E1,-5.297879791E1,1.563490601E2,-7.054547119E1
5.338731375E1,-5.296544647E1,1.564266357E2,-7.033442688E1
5.339736875E1,-5.286375427E1,1.563051758E2,-7.025981140E1
5.340742375E1,-5.265527344E1,1.561519470E2,-7.026171875E1
5.341747875E1,-5.249243164E1,1.563700562E2,-7.017625427E1
5.342753375E1,-5.269171906E1,1.562115479E2,-7.001846313E1
5.343758875E1,-5.304184723E1,1.561103516E2,-6.993330383E1
5.344764375E1,-5.269492340E1,1.561023254E2,-7.014286804E1
5.345769875E1,-5.279856110E1,1.562432251E2,-6.987278748E1
5.346775375E1,-5.295359802E1,1.560323181E2,-6.979115295E1
5.347780875E1,-5.239651489E1,1.555836182E2,-6.942375183E1
5.348786375E1,-5.179313660E1,1.548437805E2,-6.887905884E1
5.349791875E1,-5.153970337E1,1.540018616E2,-6.783538818E1
5.350797375E1,-5.179415894E1,1.531136475E2,-6.709417725E1
5.351802875E1,-5.244262695E1,1.524040222E2,-6.661697388E1
5.352808375E1,-5.322707367E1,1.516171570E2,-6.613584900E1
5.353813875E1,-5.330461884E1,1.508694458E2,-6.551353455E1
5.354819375E1,-5.304827881E1,1.502708130E2,-6.496942139E1
5.355824875E1,-5.293537903E1,1.496054077E2,-6.472280884E1
5.356830375E1,-5.232041168E1,1.490731506E2,-6.441040039E1
5.357835875E1,-5.205423737E1,1.486877441E2,-6.396063232E1
5.358841375E1,-5.186434174E1,1.485041504E2,-6.364610291E1
5.359846875E1,-5.131895447E1,1.481454468E2,-6.365832520E1
5.360852375E1,-5.060935211E1,1.480462036E2,-6.358508301E1
5.361857875E1,-4.994086456E1,1.483973083E2,-6.347380066E1
5.362863375E1,-4.924668121E1,1.489363708E2,-6.372731018E1
5.363868875E1,-4.903929901E1,1.494001770E2,-6.426461792E1
5.364874375E1,-4.836622620E1,1.500292969E2,-6.441390991E1
5.365879875E1,-4.776152802E1,1.511101074E2,-6.509306335E1
5.366885375E1,-4.692951965E1,1.520818787E2,-6.564794922E1
5.367890875E1,-4.609618378E1,1.530404358E2,-6.676710510E1
5.368896375E1,-4.532453156E1,1.539511719E2,-6.711483765E1
5.369901875E1,-4.471834564E1,1.550612488E2,-6.752824402E1
5.370907375E1,-4.396139526E1,1.555878296E2,-6.783259583E1
5.371912875E1,-4.354667664E1,1.562355042E2,-6.843128967E1
5.372918375E1,-4.282581329E1,1.565613098E2,-6.874468994E1
5.373923875E1,-4.267489624E1,1.565815735E2,-6.856939697E1
5.374929375E1,-4.258323669E1,1.564963379E2,-6.891955566E1
5.375934875E1,-4.282501221E1,1.564632568E2,-6.905107117E1
5.376940375E1,-4.284891510E1,1.562411194E2,-6.935462952E1
5.377945875E1,-4.314141083E1,1.559930115E2,-6.873817444E1
5.378951375E1,-4.308135223E1,1.556158142E2,-6.825360107E1
5.379956875E1,-4.292656708E1,1.553874817E2,-6.791709900E1
5.380962375E1,-4.259815216E1,1.552889099E2,-6.779920959E1
5.381967875E1,-4.247484589E1,1.548565979E2,-6.762278748E1
5.382973375E1,-4.209783936E1,1.543470764E2,-6.729350281E1
5.383978875E1,-4.165070343E1,1.539213562E2,-6.741055298E1
5.384984375E1,-4.130519867E1,1.533285522E2,-6.644158936E1
5.385989875E1,-4.103089905E1,1.529522400E2,-6.660691833E1
5.386995375E1,-4.086283875E1,1.525828552E2,-6.611254883E1
5.388000875E1,-4.071220398E1,1.524980774E2,-6.600382996E1
5.389006375E1,-4.050738525E1,1.522911682E2,-6.627815247E1
5.390011875E1,-4.006916809E1,1.523034973E2,-6.648750305E1
5.391017375E1,-3.981079102E1,1.525067139E2,-6.646833801E1
5.392022875E1,-3.962463379E1,1.530490723E2,-6.685275269E1
5.393028375E1,-3.977537537E1,1.531175537E2,-6.668228149E1
5.394033879E1,-4.039099884E1,1.533269043E2,-6.677220154E1
5.395039379E1,-4.076699829E1,1.533688965E2,-6.681013489E1
5.396044879E1,-4.134481049E1,1.534289246E2,-6.687698364E1
5.397050379E1,-4.175663757E1,1.533878784E2,-6.648834229E1
5.398055879E1,-4.212532806E1,1.533097839E2,-6.678918457E1
5.399061379E1,-4.187734985E1,1.534107666E2,-6.653096008E1
5.400066879E1,-4.166226959E1,1.533395081E2,-6.661541748E1
5.401072379E1,-4.140322113E1,1.532175598E2,-6.682139587E1
5.402077879E1,-4.142019653E1,1.533691711E2,-6.683200073E1
5.403083379E1,-4.132463074E1,1.531721191E2,-6.698805237E1
5.404088879E1,-4.146604919E1,1.530507507E2,-6.684443665E1
5.405094379E1,-4.163021851E1,1.531150513E2,-6.678625488E1
5.406099879E1,-4.201616669E1,1.531396484E2,-6.637434387E1
5.407105379E1,-4.233101654E1,1.535000000E2,-6.669082642E1
5.408110879E1,-4.235111237E1,1.535220947E2,-6.632261658E1
5.409116379E1,-4.226380920E1,1.534577026E2,-6.671057129E1
5.410121879E1,-4.214234161E1,1.537784119E2,-6.653323364E1
5.411127379E1,-4.184938812E1,1.541475830E2,-6.731187439E1
5.412132879E1,-4.179167175E1,1.544643250E2,-6.738462830E1
5.413138379E1,-4.140188599E1,1.545946655E2,-6.775970459E1
5.414143879E1,-4.102751923E1,1.549529419E2,-6.808987427E1
5.415149379E1,-4.047999573E1,1.550450134E2,-6.787510681E1
5.416154879E1,-4.006202698E1,1.546835022E2,-6.796243286E1
5.417160379E1,-3.979110718E1,1.547062683E2,-6.832200623E1
5.418165879E1,-3.963201141E1,1.546965942E2,-6.840806580E1
5.419171379E1,-3.936578369E1,1.550604248E2,-6.827030945E1
5.420176879E1,-3.949255371E1,1.552462769E2,-6.827882385E1
5.421182379E1,-3.974436951E1,1.554002686E2,-6.825851440E1
5.422187879E1,-3.976115417E1,1.551734924E2,-6.855178833E1
5.423193379E1,-3.948774719E1,1.551474915E2,-6.842988586E1
5.424198879E1,-3.917378998E1,1.554404297E2,-6.877072144E1
5.425204379E1,-3.887065125E1,1.560120850E2,-6.888583374E1
5.426209879E1,-3.827790833E1,1.564045105E2,-6.900582886E1
5.427215479E1,-3.787005615E1,1.570414124E2,-6.897727966E1
5.428220979E1,-3.812450409E1,1.583769531E2,-6.971980286E1
5.429226479E1,-1.281910706E1,1.444291992E2,-5.037023926E1
5.430231979E1,1.757594299E1,1.431357117E2,-1.018849182E1
5.431237479E1,3.152205658E1,1.311972351E2,1.569447327E1
5.432242979E1,3.237325287E1,1.129276657E2,2.774712372E1
5.433248479E1,2.974493408E1,9.806244659E1,3.315721130E1
5.434253979E1,2.562339020E1,8.799411774E1,3.774083710E1
5.435259479E1,2.047434998E1,8.186501312E1,4.210298157E1
5.436264979E1,1.449862671E1,7.711650848E1,4.641197968E1
5.437270479E1,8.440856934E0,7.267011261E1,4.988225555E1
5.438275979E1,3.570617676E0,6.785063934E1,5.219039154E1
5.439281479E1,-2.261009216E-1,6.309497833E1,5.380737305E1
5.440286979E1,-3.026824951E0,5.838101959E1,5.455764008E1
5.441292479E1,-4.158958435E0,5.384335327E1,5.469661713E1
5.442297979E1,-4.465362549E0,4.990055847E1,5.396176910E1
5.443303479E1,-4.440536499E0,4.655310059E1,5.292930603E1
5.444308979E1,-4.552726746E0,4.378105927E1,5.192730713E1
5.445314479E1,-4.131980896E0,4.147622681E1,5.082693481E1
5.446319979E1,-3.844749451E0,3.959951019E1,4.917567444E1
5.447325479E1,-3.245246887E0,3.813124084E1,4.800835419E1
5.448330979E1,-2.749114990E0,3.715505219E1,4.636805725E1
5.449336479E1,-2.021514893E0,3.610898590E1,4.517762756E1
5.450341979E1,-1.322349548E0,3.489601898E1,4.410807800E1
5.451347479E1,-4.949645996E-1,3.422047424E1,4.268865204E1
5.452352979E1,9.923019409E-1,3.360192871E1,4.187334442E1
5.453358479E1,2.279876709E0,3.278936005E1,4.179730988E1
5.454363979E1,3.396522522E0,3.256555176E1,4.133041382E1
5.455369479E1,4.377696991E0,3.241656494E1,4.115656281E1
5.456374979E1,5.309375763E0,3.235225677E1,4.119161224E1
5.457380479E1,5.831523895E0,3.239039612E1,4.099539185E1
5.458385979E1,6.162601471E0,3.249810028E1,4.153543854E1
5.459391479E1,6.755802155E0,3.283760834E1,4.154061890E1
5.460396979E1,6.892417908E0,3.258496094E1,4.093554688E1
5.461402479E1,7.381191254E0,3.273184967E1,4.086460114E1
5.462407979E1,7.574184418E0,3.270027924E1,4.068814087E1
5.463413479E1,7.793941498E0,3.310118866E1,4.086185455E1
5.464418979E1,7.959621429E0,3.312085724E1,4.088890076E1
5.465424479E1,8.234626770E0,3.314685059E1,4.136740112E1
5.466429979E1,8.335926056E0,3.291301727E1,4.180144501E1
5.467435479E1,8.458503723E0,3.272838593E1,4.150185394E1
5.468440979E1,8.443580627E0,3.268196106E1,4.170656586E1
5.469446479E1,8.387855530E0,3.296041107E1,4.141903687E1
5.470451979E1,8.526969910E0,3.286325073E1,4.165835571E1
5.471457479E1,8.386829376E0,3.304246521E1,4.147830963E1
5.472462979E1,8.460788727E0,3.316576385E1,4.172997284E1
5.473468479E1,8.327255249E0,3.332695770E1,4.138237000E1
5.474473979E1,8.152355194E0,3.348937988E1,4.167009735E1
5.475479479E1,8.163082123E0,3.344593811E1,4.120149994E1
5.476484979E1,7.956329346E0,3.363822937E1,4.128703308E1
5.477490479E1,8.179862976E0,3.370278168E1,4.161154175E1
5.478495979E1,8.243755341E0,3.357337189E1,4.142359161E1
5.479501479E1,8.361415863E0,3.340462494E1,4.154419708E1
5.480506979E1,8.209289551E0,3.335092926E1,4.130101776E1
5.481512479E1,8.449871063E0,3.346405029E1,4.135764313E1
5.482517979E1,8.610050201E0,3.371775055E1,4.152407074E1
5.483523479E1,8.695327759E0,3.364667511E1,4.131959534E1
5.484528979E1,8.658252716E0,3.389667511E1,4.112250519E1
5.485534479E1,9.060737610E0,3.424237061E1,4.102404022E1
5.486539979E1,9.143272400E0,3.404024506E1,4.101603699E1
5.487545479E1,8.967624664E0,3.413615417E1,4.070928955E1
5.488550979E1,8.904151917E0,3.401654053E1,4.104298401E1
5.489556479E1,8.942367554E0,3.419795990E1,4.095706177E1
5.490561979E1,9.066291809E0,3.438397217E1,4.093788147E1
5.491567479E1,8.966716766E0,3.442208862E1,4.061078644E1
5.492572979E1,8.752552032E0,3.463385010E1,4.055107880E1
5.493578475E1,8.996623993E0,3.467630005E1,4.035241699E1
5.494583975E1,9.196044922E0,3.484220886E1,4.031526184E1
5.495589475E1,9.515464783E0,3.489223480E1,4.022496796E1
5.496594975E1,9.640048981E0,3.455343628E1,4.055222321E1
5.497600475E1,9.619388580E0,3.473174286E1,4.046119690E1
5.498605975E1,9.416835785E0,3.472076416E1,4.057094574E1
5.499611475E1,9.552989960E0,3.470491791E1,4.029265594E1
5.500616975E1,9.543521881E0,3.455130005E1,4.027050018E1
5.501622475E1,9.684669495E0,3.462167358E1,4.073494720E1
5.502627975E1,1.002479935E1,3.459130859E1,4.104035187E1
5.503633475E1,9.898994446E0,3.455229187E1,4.064601898E1
5.504638975E1,1.008643341E1,3.455800629E1,4.101396942E1
5.505644475E1,1.004035568E1,3.457538605E1,4.052633667E1
5.506649975E1,1.037737274E1,3.453166962E1,4.075069427E1
5.507655475E1,1.032330704E1,3.447774506E1,4.077663422E1
5.508660975E1,1.038213730E1,3.422152710E1,4.078518677E1
5.509666475E1,1.049274445E1,3.419380951E1,4.073859406E1
5.510671975E1,1.063109207E1,3.393419647E1,4.085140228E1
5.511677475E1,1.044202805E1,3.395896149E1,4.076758575E1
5.512682975E1,1.053273773E1,3.379090118E1,4.092789459E1
5.513688475E1,1.033948135E1,3.375055695E1,4.089907837E1
5.514693975E1,1.067567444E1,3.356113434E1,4.064611053E1
5.515699475E1,1.087850952E1,3.331617737E1,4.076788330E1
5.516704975E1,1.123204041E1,3.342771912E1,4.060677338E1
5.517710475E1,1.149251175E1,3.328240967E1,4.054796600E1
5.518715975E1,1.134782410E1,3.339990234E1,4.059138489E1
5.519721475E1,1.137834930E1,3.313195038E1,4.090876770E1
5.520726975E1,1.138570786E1,3.306160736E1,4.122560120E1
5.521732475E1,1.143813324E1,3.314465332E1,4.130871582E1
5.522737975E1,1.152320099E1,3.299085999E1,4.096492004E1
5.523743475E1,1.167260742E1,3.270021820E1,4.090825653E1
5.524748975E1,1.175771332E1,3.256301880E1,4.143218231E1
5.525754475E1,1.196250916E1,3.268402863E1,4.123870087E1
5.526759975E1,1.184597397E1,3.257818604E1,4.161904144E1
5.527765475E1,1.222039032E1,3.224956512E1,4.161386108E1
5.528770975E1,1.265435410E1,3.179550171E1,4.196522522E1
5.529776475E1,1.283309937E1,3.170091248E1,4.156457520E1
5.530781975E1,1.318333435E1,3.122369385E1,4.166775513E1
5.531787475E1,1.306711578E1,3.119811249E1,4.187975311E1
5.532792975E1,1.319087219E1,3.091261292E1,4.218840027E1
5.533798475E1,1.330359650E1,3.065740967E1,4.227306366E1
5.534803975E1,1.319779968E1,3.059414673E1,4.272405243E1
5.535809475E1,1.322692871E1,3.034602356E1,4.289454651E1
5.536814975E1,1.338427734E1,3.049799347E1,4.286859894E1
5.537820575E1,1.331589508E1,3.089308929E1,4.263587189E1
5.538826075E1,1.329041672E1,3.102857971E1,4.226640320E1
5.539831575E1,1.327635574E1,3.132539368E1,4.246999359E1
5.540837075E1,1.347596741E1,3.119933319E1,4.218492889E1
5.541842575E1,1.333496094E1,3.086466217E1,4.230314636E1
5.542848075E1,1.325650406E1,3.078633881E1,4.201054382E1
5.543853575E1,1.323602676E1,3.093278503E1,4.200646973E1
5.544859075E1,1.320570374E1,3.077688599E1,4.237420654E1
5.545864575E1,1.322272873E1,3.091745758E1,4.234400940E1
5.546870075E1,1.324139404E1,3.100065613E1,4.239172363E1
5.547875575E1,1.321492767E1,3.126741791E1,4.193973541E1
5.548881075E1,1.297021484E1,3.143037415E1,4.198102570E1
5.549886575E1,1.256495285E1,3.157461548E1,4.178326416E1
5.550892075E1,1.243001938E1,3.168648529E1,4.183370972E1
5.551897575E1,1.232620621E1,3.152826691E1,4.187765503E1
5.552903075E1,1.205552673E1,3.144972992E1,4.210647583E1
5.553908575E1,1.208005905E1,3.137913513E1,4.180355835E1
5.554914075E1,1.219913864E1,3.158013916E1,4.208908844E1
5.555919575E1,1.226752472E1,3.158279419E1,4.196260071E1
5.556925075E1,1.218078613E1,3.144595337E1,4.227403259E1
5.557930575E1,1.187196732E1,3.135502625E1,4.229027557E1
5.558936075E1,1.197570419E1,3.136878204E1,4.229801941E1
5.559941575E1,1.199103928E1,3.123108673E1,4.234516907E1
5.560947075E1,1.183934784E1,3.113101959E1,4.256076050E1
5.561952575E1,1.195006943E1,3.117580414E1,4.215524292E1
5.562958075E1,1.172838593E1,3.099388885E1,4.218028259E1
5.563963575E1,1.181958771E1,3.104071045E1,4.216757965E1
5.564969075E1,1.163452911E1,3.097337341E1,4.243921661E1
5.565974575E1,1.137007904E1,3.097301483E1,4.246808624E1
5.566980075E1,1.140193176E1,3.094567871E1,4.260303497E1
5.567985575E1,1.141750336E1,3.105687714E1,4.266030884E1
5.568991075E1,1.119690323E1,3.138242340E1,4.281407166E1
5.569996575E1,1.124079895E1,3.142613220E1,4.274172974E1
5.571002075E1,1.101575089E1,3.119142151E1,4.235409546E1
5.572007575E1,1.069769287E1,3.135098267E1,4.222354889E1
5.573013075E1,1.067047501E1,3.116996002E1,4.220156097E1
5.574018575E1,1.037169647E1,3.130902100E1,4.227034760E1
5.575024075E1,9.926139832E0,3.131616211E1,4.218717194E1
5.576029575E1,9.742675781E0,3.144005585E1,4.219716644E1
5.577035075E1,1.000304794E1,3.173056030E1,4.209018707E1
5.578040575E1,1.015040207E1,3.176904297E1,4.215360260E1
5.579046075E1,1.054420471E1,3.163055420E1,4.189083099E1
5.580051575E1,1.086323166E1,3.177307129E1,4.169316864E1
5.581057075E1,1.102176285E1,3.135703278E1,4.166326141E1
5.582062575E1,1.069351196E1,3.131220245E1,4.236990356E1
5.583068075E1,1.005927658E1,3.084413910E1,4.293292999E1
5.584073575E1,9.149208069E0,3.034646606E1,4.344891357E1
5.585079075E1,8.357547760E0,3.008618927E1,4.381409454E1
5.586084575E1,8.234298706E0,2.937165833E1,4.451744843E1
5.587090075E1,7.965934753E0,2.910470581E1,4.400361633E1
5.588095575E1,7.630016327E0,2.886874390E1,4.426842499E1
5.589101075E1,6.811119080E0,2.859594727E1,4.409430695E1
5.590106575E1,6.477394104E0,2.867941284E1,4.432469177E1
5.591112075E1,6.095420837E0,2.871218872E1,4.432667542E1
5.592117575E1,5.763072968E0,2.888829041E1,4.442043304E1
5.593123075E1,5.724361420E0,2.905346680E1,4.421604919E1
5.594128587E1,5.643112183E0,2.917732239E1,4.417626190E1
5.595134088E1,5.677219391E0,2.929911041E1,4.428680420E1
5.596139587E1,5.983154297E0,2.933886719E1,4.454739380E1
5.597145087E1,5.680088043E0,2.942227936E1,4.424461365E1
5.598150588E1,5.185707092E0,2.958807373E1,4.416626740E1
5.599156088E1,4.723960876E0,2.977957916E1,4.410738373E1
5.600161587E1,4.504165649E0,2.982852936E1,4.387099457E1
5.601167087E1,4.309013367E0,3.005654144E1,4.374082947E1
5.602172588E1,4.356727600E0,3.032416534E1,4.380901337E1
5.603178087E1,4.301242828E0,3.074348450E1,4.345056915E1
5.604183587E1,4.505931854E0,3.108145142E1,4.323346710E1
5.605189088E1,4.844894409E0,3.132402039E1,4.274140930E1
5.606194588E1,4.676651001E0,3.145612335E1,4.254611206E1
5.607200087E1,4.312137604E0,3.143187714E1,4.224562836E1
5.608205587E1,3.874233246E0,3.163971710E1,4.187004852E1
5.609211088E1,3.532768250E0,3.157556152E1,4.213124847E1
5.610216587E1,3.117973328E0,3.161019135E1,4.224729156E1
5.611222087E1,3.111839294E0,3.142921448E1,4.239458466E1
5.612227588E1,2.936573029E0,3.117470551E1,4.258849335E1
5.613233087E1,2.829444885E0,3.108651733E1,4.235089874E1
5.614238587E1,2.602893829E0,3.098091888E1,4.250556183E1
5.615244087E1,2.351226807E0,3.102783203E1,4.255504608E1
5.616249588E1,2.157100677E0,3.134038544E1,4.238817596E1
5.617255087E1,1.666675568E0,3.136531830E1,4.254608154E1
5.618260587E1,1.147743225E0,3.154426575E1,4.221294403E1
5.619266088E1,1.058593750E0,3.188604736E1,4.173071289E1
5.620271587E1,8.278465271E-1,3.211463165E1,4.178537750E1
5.621277087E1,8.634300232E-1,3.250957489E1,4.157566833E1
5.622282588E1,5.622100830E-1,3.259101105E1,4.131373596E1
5.623288088E1,2.202186584E-1,3.276980591E1,4.118645477E1
5.624293587E1,3.780212402E-1,3.296080780E1,4.086857605E1
5.625299087E1,3.102722168E-1,3.320903015E1,4.089631653E1
5.626304588E1,1.134719849E-1,3.333141327E1,4.033119202E1
5.627310087E1,-6.877136230E-2,3.365720367E1,4.060118866E1
5.628315587E1,-2.395477295E-1,3.404898071E1,4.017115021E1
5.629321088E1,-5.425720215E-1,3.434053040E1,3.989804077E1
5.630326588E1,-8.037109375E-1,3.457795715E1,3.957857513E1
5.631332087E1,-1.093490601E0,3.474903870E1,3.938957977E1
5.632337587E1,-1.258232117E0,3.502705383E1,3.880973053E1
5.633343088E1,-1.440933228E0,3.516101837E1,3.862437439E1
5.634348587E1,-2.081420898E0,3.518303680E1,3.842275238E1
5.635354087E1,-2.547012329E0,3.507529449E1,3.866184998E1
5.636359588E1,-2.655326843E0,3.509680176E1,3.873596191E1
5.637365088E1,-2.230911255E0,3.473780060E1,3.881958008E1
5.638370587E1,-2.436813354E0,3.497568512E1,3.879402924E1
5.639376087E1,-2.660430908E0,3.469892883E1,3.906160736E1
5.640381588E1,-2.676513672E0,3.478621674E1,3.884199524E1
5.641387087E1,-3.186668396E0,3.477140045E1,3.875257111E1
5.642392587E1,-3.804504395E0,3.451252747E1,3.894418335E1
5.643398088E1,-4.096694946E0,3.465206909E1,3.906445312E1
5.644403587E1,-4.247612000E0,3.464408112E1,3.915274048E1
5.645409087E1,-4.478805542E0,3.472198486E1,3.934005737E1
5.646414587E1,-4.402008057E0,3.470398712E1,3.924171448E1
5.647420088E1,-4.323486328E0,3.506026459E1,3.894667816E1
5.648425587E1,-4.570762634E0,3.521401978E1,3.911096191E1
5.649431087E1,-4.329597473E0,3.500852966E1,3.894209290E1
5.650436588E1,-4.663169861E0,3.518118286E1,3.877570343E1
5.651442087E1,-4.626609802E0,3.522599792E1,3.857510376E1
5.652447587E1,-4.485466003E0,3.520872498E1,3.872250366E1
5.653453088E1,-4.580261230E0,3.514987183E1,3.851929474E1
5.654458688E1,-4.640586853E0,3.534753418E1,3.829259491E1
5.655464188E1,-4.960563660E0,3.535106659E1,3.845816040E1
5.656469687E1,-5.140403748E0,3.542262268E1,3.871718597E1
5.657475187E1,-4.996490479E0,3.529048157E1,3.895877075E1
5.658480688E1,-5.084632874E0,3.515623474E1,3.851762390E1
5.659486187E1,-5.289016724E0,3.516557312E1,3.841831207E1
5.660491687E1,-5.323638916E0,3.503325653E1,3.845821381E1
5.661497188E1,-5.349121094E0,3.522049713E1,3.829738617E1
5.662502688E1,-5.616294861E0,3.525895691E1,3.849580383E1
5.663508187E1,-5.760711670E0,3.523205566E1,3.851427460E1
5.664513687E1,-5.408973694E0,3.536423492E1,3.857867432E1
5.665519188E1,-5.217102051E0,3.532723236E1,3.859378052E1
5.666524687E1,-5.225814819E0,3.533015442E1,3.833865356E1
5.667530187E1,-5.303375244E0,3.535852051E1,3.852568817E1
5.668535688E1,-5.667289734E0,3.521197510E1,3.876951599E1
5.669541187E1,-5.427192688E0,3.499626923E1,3.858967590E1
5.670546687E1,-5.301406860E0,3.503517151E1,3.863317871E1
5.671552187E1,-5.455734253E0,3.519553375E1,3.855716705E1
5.672557688E1,-5.317474365E0,3.531701660E1,3.825276184E1
5.673563187E1,-5.430343628E0,3.538526917E1,3.855537415E1
5.674568687E1,-5.500579834E0,3.522201538E1,3.856318665E1
5.675574188E1,-5.346244812E0,3.516207886E1,3.867967987E1
5.676579687E1,-5.381904602E0,3.532463074E1,3.865942383E1
5.677585187E1,-5.433418274E0,3.517634583E1,3.858885193E1
5.678590687E1,-5.289001465E0,3.500955200E1,3.856675720E1
5.679596188E1,-5.458686829E0,3.519153595E1,3.870156860E1
5.680601687E1,-5.512100220E0,3.524829102E1,3.848493958E1
5.681607187E1,-5.602195740E0,3.525228119E1,3.824449158E1
5.682612688E1,-5.579360962E0,3.517268372E1,3.817092896E1
5.683618187E1,-5.672950745E0,3.525750732E1,3.850991058E1
5.684623687E1,-5.696441650E0,3.517855835E1,3.830027771E1
5.685629188E1,-5.675857544E0,3.502670288E1,3.844451904E1
5.686634688E1,-5.479682922E0,3.533061218E1,3.852983856E1
5.687640187E1,-5.525115967E0,3.509888458E1,3.854328918E1
5.688645687E1,-5.358901978E0,3.499755096E1,3.819975281E1
5.689651188E1,-5.720947266E0,3.526435852E1,3.810529327E1
5.690656687E1,-5.471290588E0,3.504644775E1,3.816563416E1
5.691662187E1,-5.678237915E0,3.505786896E1,3.808342743E1
5.692667688E1,-5.550559998E0,3.495146179E1,3.804487610E1
5.693673150E1,-5.697311401E0,3.513404846E1,3.784243011E1
5.694678650E1,-5.701904297E0,3.533029938E1,3.778299713E1
5.695684150E1,-5.497581482E0,3.499965668E1,3.786729431E1
5.696689650E1,-5.585052490E0,3.515958405E1,3.777525330E1
5.697695150E1,-5.434753418E0,3.501388550E1,3.813310242E1
5.698700650E1,-5.308097839E0,3.493478394E1,3.786550903E1
5.699706150E1,-5.336425781E0,3.508443451E1,3.803326416E1
5.700711650E1,-5.269515991E0,3.519023132E1,3.790232849E1
5.701717150E1,-5.296493530E0,3.531200409E1,3.832212830E1
5.702722650E1,-5.465194702E0,3.511642456E1,3.824607849E1
5.703728150E1,-5.567420959E0,3.510111237E1,3.847434998E1
5.704733650E1,-5.614448547E0,3.507889557E1,3.804627991E1
5.705739150E1,-5.540260315E0,3.508763885E1,3.841362762E1
5.706744650E1,-5.700798035E0,3.499435425E1,3.815313721E1
5.707750150E1,-5.711822510E0,3.493150330E1,3.818113708E1
5.708755650E1,-5.598091125E0,3.520822906E1,3.795800018E1
5.709761150E1,-5.374107361E0,3.499796295E1,3.796941376E1
5.710766650E1,-5.163764954E0,3.499595642E1,3.810690308E1
5.711772150E1,-5.451393127E0,3.515085602E1,3.823324585E1
5.712777650E1,-5.307113647E0,3.514185333E1,3.821489716E1
5.713783150E1,-5.048789978E0,3.517487335E1,3.827280426E1
5.714788650E1,-5.443466187E0,3.526204681E1,3.789453888E1
5.715794150E1,-5.471557617E0,3.500294495E1,3.814136505E1
5.716799650E1,-5.537101746E0,3.498816681E1,3.826169586E1
5.717805150E1,-5.554489136E0,3.520708466E1,3.816169739E1
5.718810650E1,-5.614082336E0,3.521173859E1,3.823760986E1
5.719816150E1,-5.663375854E0,3.527487946E1,3.840647888E1
5.720821650E1,-5.476936340E0,3.520423126E1,3.841557312E1
5.721827150E1,-5.381813049E0,3.523473358E1,3.830734253E1
5.722832650E1,-5.595626831E0,3.525553131E1,3.857224274E1
5.723838150E1,-5.527580261E0,3.513671112E1,3.817148590E1
5.724843650E1,-5.227485657E0,3.506013489E1,3.789888763E1
5.725849150E1,-5.439247131E0,3.490417480E1,3.847445679E1
5.726854650E1,-5.609703064E0,3.490467072E1,3.865081787E1
5.727860150E1,-5.621742249E0,3.508666229E1,3.837911987E1
5.728865650E1,-5.349052429E0,3.488964081E1,3.839753723E1
5.729871150E1,-5.185684204E0,3.489085388E1,3.827009583E1
5.730876650E1,-5.409416199E0,3.495743561E1,3.829811859E1
5.731882150E1,-5.327392578E0,3.491972351E1,3.803774261E1
5.732887650E1,-5.481292725E0,3.516575623E1,3.814711761E1
5.733893150E1,-5.599258423E0,3.501614380E1,3.795299530E1
5.734898650E1,-5.603302002E0,3.519926453E1,3.835077667E1
5.735904150E1,-5.642845154E0,3.493806458E1,3.851821136E1
5.736909650E1,-5.614036560E0,3.491420746E1,3.850009918E1
5.737915150E1,-5.489517212E0,3.495036316E1,3.799994659E1
5.738920650E1,-5.373725891E0,3.484842682E1,3.822880554E1
5.739926150E1,-5.671318054E0,3.491950989E1,3.789858246E1
5.740931650E1,-5.531898499E0,3.509513092E1,3.832742310E1
5.741937150E1,-5.809654236E0,3.521701050E1,3.828800201E1
5.742942650E1,-5.761558533E0,3.532976532E1,3.810526276E1
5.743948150E1,-5.610534668E0,3.508735657E1,3.842536926E1
5.744953650E1,-5.675666809E0,3.510680389E1,3.826772308E1
5.745959150E1,-5.726570129E0,3.493735504E1,3.840005493E1
5.746964650E1,-5.792182922E0,3.499501038E1,3.813056946E1
5.747970150E1,-6.091316223E0,3.499304962E1,3.823912048E1
5.748975650E1,-6.091316223E0,3.499304962E1,3.823912048E1
5.749981150E1,-5.990287781E0,3.483657074E1,3.837673187E1
5.750986650E1,-5.674430847E0,3.497454834E1,3.830154419E1
5.751992150E1,-5.649757385E0,3.508470917E1,3.820848846E1
5.752997650E1,-5.845993042E0,3.520871735E1,3.808882904E1
5.754003150E1,-5.784194946E0,3.507164764E1,3.840620422E1
5.755008650E1,-5.782249451E0,3.504762268E1,3.817971802E1
5.756014150E1,-5.554496765E0,3.484499359E1,3.827514648E1
5.757019650E1,-5.669303894E0,3.509786987E1,3.836964417E1
5.758025150E1,-5.763900757E0,3.514541626E1,3.844862366E1
5.759030650E1,-5.697845459E0,3.519400024E1,3.803628540E1
5.760036150E1,-5.820472717E0,3.498979950E1,3.823066711E1
5.761041650E1,-5.731048584E0,3.511938477E1,3.816311646E1
5.762047150E1,-5.641716003E0,3.533389282E1,3.806077576E1
5.763052650E1,-5.641716003E0,3.533389282E1,3.806077576E1
5.764058150E1,-5.576293945E0,3.525091553E1,3.817604828E1
5.765063650E1,-5.689041138E0,3.533488464E1,3.823636627E1
5.766069150E1,-5.857315063E0,3.525086212E1,3.792576599E1
5.767074650E1,-5.691825867E0,3.541739655E1,3.813356018E1
5.768080150E1,-5.866317749E0,3.534198761E1,3.846199799E1
5.769085650E1,-5.842155457E0,3.531360626E1,3.815730286E1
5.770091150E1,-5.697319031E0,3.537461853E1,3.806280518E1
5.771096650E1,-5.598220825E0,3.508416748E1,3.826361847E1
5.772102150E1,-5.592247009E0,3.515021515E1,3.826887512E1
5.773107650E1,-5.515182495E0,3.524957275E1,3.826970673E1
5.774113250E1,-5.355232239E0,3.545501709E1,3.817427063E1
5.775118750E1,-5.286201477E0,3.525667572E1,3.808127594E1
5.776124250E1,-5.418884277E0,3.525852203E1,3.821280670E1
5.777129750E1,-5.410552979E0,3.512797546E1,3.832089233E1
5.778135250E1,-5.363891602E0,3.504476929E1,3.853820038E1
5.779140750E1,-5.487770081E0,3.514122009E1,3.816211700E1
5.780146250E1,-5.510482788E0,3.501409912E1,3.821397400E1
5.781151750E1,-5.676658630E0,3.509645844E1,3.824777985E1
5.782157250E1,-5.621665955E0,3.509737396E1,3.830284882E1
5.783162750E1,-5.708045959E0,3.499802399E1,3.812460327E1
5.784168250E1,-5.751785278E0,3.512599945E1,3.803642273E1
5.785173750E1,-5.513648987E0,3.506208801E1,3.840892029E1
5.786179250E1,-5.642913818E0,3.490055847E1,3.822711182E1
5.787184750E1,-5.399032593E0,3.473715210E1,3.826375580E1
5.788190250E1,-5.532180786E0,3.486717987E1,3.815700531E1
5.789195750E1,-5.473640442E0,3.496274567E1,3.819646454E1
5.790201250E1,-5.505767822E0,3.493945312E1,3.809942627E1
5.791206750E1,-5.577392578E0,3.523081970E1,3.784983063E1
5.792212250E1,-5.461807251E0,3.518066406E1,3.802337646E1
5.793217750E1,-5.554176331E0,3.524187469E1,3.793466187E1
5.794223288E1,-5.619888306E0,3.538370514E1,3.809141541E1
5.795228787E1,-5.566719055E0,3.530455017E1,3.769164276E1
5.796234287E1,-5.540390015E0,3.504332733E1,3.797573853E1
5.797239787E1,-5.862319946E0,3.506691742E1,3.777751160E1
5.798245288E1,-5.878501892E0,3.503982544E1,3.792508698E1
5.799250787E1,-5.904960632E0,3.497182465E1,3.808603668E1
5.800256287E1,-5.669952393E0,3.493119812E1,3.839311981E1
5.801261788E1,-5.604278564E0,3.492798615E1,3.830950928E1
5.802267287E1,-5.858383179E0,3.517210388E1,3.810140991E1
5.803272787E1,-5.583427429E0,3.512181854E1,3.826181793E1
5.804278288E1,-5.564064026E0,3.491544342E1,3.823863983E1
5.805283788E1,-5.729576111E0,3.515946198E1,3.823726654E1
5.806289287E1,-5.764045715E0,3.519837952E1,3.864796448E1
5.807294787E1,-5.887763977E0,3.525424957E1,3.854907990E1
5.808300288E1,-5.823600769E0,3.505310822E1,3.843190002E1
5.809305787E1,-5.920959473E0,3.521327972E1,3.826036835E1
5.810311287E1,-5.901275635E0,3.510541534E1,3.824822235E1
5.811316788E1,-6.035308838E0,3.510563660E1,3.834303284E1
5.812322288E1,-6.046012878E0,3.481482697E1,3.848807526E1
5.813327787E1,-5.877853394E0,3.501651001E1,3.843214417E1
5.814333287E1,-5.690803528E0,3.507474518E1,3.815837097E1
5.815338788E1,-5.573600769E0,3.507151031E1,3.820986938E1
5.816344287E1,-5.452323914E0,3.518072510E1,3.819365692E1
5.817349787E1,-5.533721924E0,3.506304169E1,3.823758698E1
5.818355288E1,-5.652702332E0,3.503823853E1,3.820083618E1
5.819360788E1,-5.696838379E0,3.492285919E1,3.813388062E1
5.820366287E1,-5.625038147E0,3.498233795E1,3.814524078E1
5.821371787E1,-5.606582642E0,3.502886200E1,3.846118927E1
5.822377288E1,-5.611518860E0,3.513649750E1,3.821461487E1
5.823382787E1,-5.834175110E0,3.528086090E1,3.820853424E1
5.824388287E1,-5.691535950E0,3.514295959E1,3.802423096E1
5.825393788E1,-5.517601013E0,3.522956085E1,3.820305634E1
5.826399287E1,-5.334442139E0,3.518566895E1,3.809686279E1
5.827404787E1,-5.395126343E0,3.507780457E1,3.845047760E1
5.828410287E1,-5.544921875E0,3.517604065E1,3.814370728E1
5.829415788E1,-5.601516724E0,3.510152435E1,3.830685425E1
5.830421287E1,-5.746421814E0,3.523762512E1,3.854253387E1
5.831426787E1,-5.390731812E0,3.513141632E1,3.855559540E1
5.832432288E1,-5.648757935E0,3.497060394E1,3.850629425E1
5.833437787E1,-5.575210571E0,3.520649719E1,3.839131927E1
5.834443287E1,-5.746185303E0,3.521266937E1,3.867723846E1
5.835448788E1,-5.990371704E0,3.509045410E1,3.870477295E1
5.836454288E1,-5.667327881E0,3.517643738E1,3.865364075E1
5.837459787E1,-5.502738953E0,3.521476746E1,3.853941345E1
5.838465287E1,-5.593170166E0,3.502777100E1,3.865600586E1
5.839470788E1,-5.602272034E0,3.496261597E1,3.864969635E1
5.840476287E1,-5.571815491E0,3.526683807E1,3.830460358E1
5.841481787E1,-5.608306885E0,3.517559052E1,3.838372040E1
5.842487288E1,-5.603462219E0,3.503112030E1,3.855001068E1
5.843492788E1,-5.606330872E0,3.516271210E1,3.875791168E1
5.844498287E1,-5.669700623E0,3.521202087E1,3.844505310E1
5.845503787E1,-5.395248413E0,3.534889984E1,3.843151855E1
5.846509288E1,-5.481475830E0,3.546949768E1,3.849798584E1
5.847514787E1,-5.840309143E0,3.537179565E1,3.876549530E1
5.848520287E1,-5.659484863E0,3.541242981E1,3.859497070E1
5.849525788E1,-5.484786987E0,3.535462189E1,3.852030182E1
5.850531288E1,-5.600585938E0,3.524026489E1,3.857985687E1
5.851536787E1,-5.462471008E0,3.525116730E1,3.849034882E1
5.852542287E1,-5.364913940E0,3.515166473E1,3.879884338E1
5.853547788E1,-5.662666321E0,3.511428833E1,3.834441376E1
5.854553287E1,-5.756324768E0,3.515419006E1,3.860720825E1
5.855558787E1,-5.541107178E0,3.507528687E1,3.885639954E1
5.856564288E1,-5.565315247E0,3.502850342E1,3.857289124E1
5.857569787E1,-5.571678162E0,3.504577637E1,3.841704559E1
5.858575287E1,-5.712821960E0,3.513103485E1,3.843984222E1
5.859580787E1,-5.706893921E0,3.516023254E1,3.828662109E1
5.860586288E1,-5.957283020E0,3.532212067E1,3.819212341E1
5.861591787E1,-5.764190674E0,3.502736664E1,3.844377899E1
5.862597287E1,-5.909828186E0,3.507761383E1,3.862773895E1
5.863602788E1,-5.901725769E0,3.532769012E1,3.860675049E1
5.864608287E1,-5.715072632E0,3.503128052E1,3.869582367E1
5.865613787E1,-5.857833862E0,3.517502594E1,3.840409851E1
5.866619288E1,-6.064750671E0,3.514112854E1,3.860372162E1
5.867624788E1,-5.832458496E0,3.544026184E1,3.889208221E1
5.868630287E1,-5.706863403E0,3.505249023E1,3.911618042E1
5.869635787E1,-5.629356384E0,3.508954620E1,3.879825592E1
5.870641288E1,-5.641265869E0,3.504056549E1,3.896596527E1
5.871646787E1,-5.503791809E0,3.513908386E1,3.867367554E1
5.872652287E1,-5.401840210E0,3.517429352E1,3.887586975E1
5.873657788E1,-5.506332397E0,3.507909393E1,3.839243317E1
5.874663288E1,-5.720520020E0,3.498114777E1,3.859209442E1
5.875668787E1,-5.702262878E0,3.538020325E1,3.886521912E1
5.876674287E1,-5.751419067E0,3.514676666E1,3.855127716E1
5.877679788E1,-5.786048889E0,3.516073608E1,3.899117279E1
5.878685287E1,-5.653770447E0,3.521337128E1,3.848183441E1
5.879690787E1,-5.540344238E0,3.503109741E1,3.838494110E1
5.880696288E1,-5.589363098E0,3.493737793E1,3.860269165E1
5.881701788E1,-5.764312744E0,3.518212128E1,3.886627960E1
5.882707287E1,-5.975753784E0,3.506352997E1,3.871159363E1
5.883712787E1,-5.845062256E0,3.500144196E1,3.843486023E1
5.884718288E1,-5.515220642E0,3.516545105E1,3.830162048E1
5.885723787E1,-5.534759521E0,3.514131927E1,3.822432709E1
5.886729287E1,-5.612091064E0,3.503998566E1,3.916286469E1
5.887734788E1,-5.727584839E0,3.496804047E1,3.882777405E1
5.888740287E1,-5.737831116E0,3.491278076E1,3.888993835E1
5.889745787E1,-5.548316956E0,3.495893860E1,3.877339172E1
5.890751287E1,-5.603881836E0,3.494335938E1,3.863401794E1
5.891756888E1,-5.533424377E0,3.511669159E1,3.860678101E1
5.892762388E1,-5.684989929E0,3.506079865E1,3.875202942E1
5.893767925E1,-5.809265137E0,3.504808044E1,3.861417389E1
5.894773425E1,-5.801948547E0,3.502738190E1,3.900321198E1
5.895778925E1,-5.714973450E0,3.491448975E1,3.848033142E1
5.896784425E1,-5.652435303E0,3.498811340E1,3.878999329E1
5.897789925E1,-5.648551941E0,3.486096954E1,3.897686768E1
5.898795425E1,-5.643768311E0,3.508670044E1,3.870245361E1
5.899800925E1,-5.555397034E0,3.524448395E1,3.878959656E1
5.900806425E1,-5.474617004E0,3.511167908E1,3.854071045E1
5.901811925E1,-5.411727905E0,3.513001251E1,3.809330750E1
5.902817425E1,-5.300163269E0,3.496778107E1,3.838868713E1
5.903822925E1,-5.474937439E0,3.499415588E1,3.812445831E1
5.904828425E1,-5.549613953E0,3.499179077E1,3.833392334E1
5.905833925E1,-5.790321350E0,3.492475128E1,3.850791168E1
5.906839425E1,-5.736907959E0,3.488075256E1,3.821620941E1
5.907844925E1,-5.793861389E0,3.498151398E1,3.794574738E1
5.908850425E1,-5.867126465E0,3.496839142E1,3.826025391E1
5.909855925E1,-5.636619568E0,3.502474976E1,3.847903442E1
5.910861425E1,-5.683952332E0,3.501070404E1,3.844419098E1
5.911866925E1,-5.705497742E0,3.502443695E1,3.822734070E1
5.912872425E1,-5.760620117E0,3.518643188E1,3.842712402E1
5.913877925E1,-5.694595337E0,3.499219513E1,3.837076569E1
5.914883425E1,-5.662673950E0,3.499452209E1,3.850080109E1
5.915888925E1,-5.547927856E0,3.500561523E1,3.840254211E1
5.916894425E1,-5.504943848E0,3.504180908E1,3.814028168E1
5.917899925E1,-5.706893921E0,3.503150177E1,3.825608063E1
5.918905425E1,-5.656005859E0,3.515016174E1,3.842617035E1
5.919910925E1,-5.763122559E0,3.503265381E1,3.824413300E1
5.920916425E1,-5.971435547E0,3.514737701E1,3.823311615E1
5.921921925E1,-5.836669922E0,3.529904175E1,3.818057251E1
5.922927425E1,-5.659637451E0,3.503553772E1,3.851046753E1
5.923932925E1,-5.733062744E0,3.529883575E1,3.826684570E1
5.924938425E1,-5.370536804E0,3.511192322E1,3.841613007E1
5.925943925E1,-5.506378174E0,3.494252014E1,3.848030853E1
5.926949425E1,-5.711112976E0,3.510002136E1,3.809408569E1
5.927954925E1,-5.789642334E0,3.504620361E1,3.820041656E1
5.928960425E1,-5.825920105E0,3.509382629E1,3.796530151E1
5.929965925E1,-5.419105530E0,3.519886780E1,3.830474854E1
5.930971425E1,-5.566741943E0,3.524480438E1,3.843702698E1
5.931976925E1,-5.787033081E0,3.525707245E1,3.813537598E1
5.932982425E1,-5.643951416E0,3.527423096E1,3.800062561E1
5.933987925E1,-5.640213013E0,3.517290497E1,3.813844299E1
5.934993425E1,-5.668891907E0,3.518271637E1,3.786784363E1
5.935998925E1,-5.816696167E0,3.523808289E1,3.836394501E1
5.937004425E1,-5.742004395E0,3.514529419E1,3.853495026E1
5.938009925E1,-5.689407349E0,3.535050201E1,3.836425018E1
5.939015425E1,-5.727561951E0,3.514437866E1,3.837151337E1
5.940020925E1,-5.625129700E0,3.498625183E1,3.849304962E1
5.941026425E1,-5.676918030E0,3.490628815E1,3.835201263E1
5.942031925E1,-5.718803406E0,3.497682953E1,3.840237427E1
5.943037425E1,-5.735633850E0,3.517344666E1,3.826133728E1
5.944042925E1,-5.393234253E0,3.506394196E1,3.837224579E1
5.945048425E1,-5.205627441E0,3.522885895E1,3.829151917E1
5.946053925E1,-5.323043823E0,3.499365997E1,3.822868347E1
5.947059425E1,-5.406356812E0,3.503972626E1,3.838646698E1
5.948064925E1,-5.575233459E0,3.497004700E1,3.826914978E1
5.949070425E1,-5.611289978E0,3.515471649E1,3.821269989E1
5.950075925E1,-5.644554138E0,3.513224030E1,3.828186035E1
5.951081425E1,-5.612754822E0,3.507948303E1,3.839369202E1
5.952086925E1,-5.585998535E0,3.503394318E1,3.825759888E1
5.953092425E1,-5.615661621E0,3.514574432E1,3.822719574E1
5.954097925E1,-5.422233582E0,3.540170288E1,3.797425842E1
5.955103425E1,-5.306510925E0,3.524639893E1,3.805152130E1
5.956108925E1,-5.486427307E0,3.515905762E1,3.779995728E1
5.957114425E1,-5.640640259E0,3.516556549E1,3.801469421E1
5.958119925E1,-5.745582581E0,3.527140808E1,3.805465698E1
5.959125425E1,-5.696228027E0,3.530466461E1,3.833525085E1
5.960130925E1,-5.761566162E0,3.537821960E1,3.818188477E1
5.961136425E1,-5.614837646E0,3.537141418E1,3.822334290E1
5.962141925E1,-5.555252075E0,3.527014923E1,3.774344635E1
5.963147425E1,-5.357948303E0,3.498200989E1,3.800519562E1
5.964152925E1,-5.576278687E0,3.504018402E1,3.818576050E1
5.965158425E1,-5.548492432E0,3.531678772E1,3.788856506E1
5.966163925E1,-5.861450195E0,3.529409027E1,3.808805847E1
5.967169425E1,-5.834304810E0,3.518347931E1,3.794992828E1
5.968174925E1,-5.798454285E0,3.519085693E1,3.787458801E1
5.969180425E1,-5.896972656E0,3.531733704E1,3.795896149E1
5.970185925E1,-5.753257751E0,3.521294403E1,3.789349365E1
5.971191425E1,-5.815383911E0,3.526955414E1,3.748726654E1
5.972196925E1,-5.768180847E0,3.538537598E1,3.762741089E1
5.973202425E1,-5.552200317E0,3.517909241E1,3.768354034E1
5.974207925E1,-5.557868958E0,3.520588684E1,3.821974945E1
5.975213425E1,-5.503967285E0,3.501698303E1,3.825573730E1
5.976218925E1,-5.620269775E0,3.519219971E1,3.842298126E1
5.977224425E1,-5.655075073E0,3.528840637E1,3.823480225E1
5.978229925E1,-5.726249695E0,3.508429718E1,3.825525665E1
5.979235425E1,-5.586402893E0,3.498479462E1,3.809334564E1
5.980240925E1,-5.681022644E0,3.504817200E1,3.801307678E1
5.981246425E1,-5.885078430E0,3.520793152E1,3.802349854E1