"Time (s)","X (µT)","Y (µT)","Z (µT)"
1.088312500E-2,8.241958618E-1,3.461915588E1,-4.232781982E1
2.093712499E-2,7.527694702E-1,3.452928925E1,-4.201882935E1
3.099212499E-2,9.158401489E-1,3.454059601E1,-4.180020142E1
4.104712500E-2,7.653846741E-1,3.458242798E1,-4.178308105E1
5.110212500E-2,4.224815369E-1,3.447419739E1,-4.157391357E1
6.115712500E-2,6.558303833E-1,3.459392548E1,-4.138589478E1
7.121212500E-2,8.545455933E-1,3.432090759E1,-4.143432617E1
8.126712500E-2,9.335784912E-1,3.452468872E1,-4.138244629E1
9.132212499E-2,8.054847717E-1,3.456873322E1,-4.175588989E1
1.013771250E-1,9.410324097E-1,3.444701385E1,-4.178085327E1
1.114321250E-1,7.568359375E-1,3.448083496E1,-4.201200867E1
1.214866250E-1,8.158416748E-1,3.444103241E1,-4.182269287E1
1.315416250E-1,9.192428589E-1,3.447153473E1,-4.159434509E1
1.415966250E-1,1.200721741E0,3.442623138E1,-4.161637878E1
1.516516250E-1,1.062503815E0,3.439740753E1,-4.165693665E1
1.617066250E-1,8.707237244E-1,3.432628632E1,-4.185940552E1
1.717616250E-1,9.115257263E-1,3.459237671E1,-4.183244324E1
1.818166250E-1,7.715568542E-1,3.438375854E1,-4.227839661E1
1.918716250E-1,9.440040588E-1,3.427601624E1,-4.230912781E1
2.019266250E-1,1.116958618E0,3.456404877E1,-4.209553528E1
2.119816250E-1,8.869514465E-1,3.449247742E1,-4.197850037E1
2.220366250E-1,6.970062256E-1,3.460453796E1,-4.163095093E1
2.320916250E-1,8.693847656E-1,3.463358307E1,-4.177268982E1
2.421466250E-1,7.063941956E-1,3.468113708E1,-4.189900208E1
2.522016250E-1,9.366149902E-1,3.466471100E1,-4.188529968E1
2.622566250E-1,9.358787537E-1,3.468537903E1,-4.167430115E1
2.723116250E-1,1.084365845E0,3.453433228E1,-4.182229614E1
2.823666250E-1,1.068248749E0,3.452736664E1,-4.185116577E1
2.924216250E-1,1.080265045E0,3.446675873E1,-4.184040833E1
3.024766250E-1,1.204319000E0,3.429661560E1,-4.175355530E1
3.125306250E-1,9.676399231E-1,3.439343262E1,-4.192839050E1
3.225856250E-1,1.142200470E0,3.440921783E1,-4.190727234E1
3.326406250E-1,1.118667603E0,3.424988556E1,-4.195956421E1
3.426956250E-1,1.037666321E0,3.420814514E1,-4.186268616E1
3.527506250E-1,9.570732117E-1,3.438830566E1,-4.191070557E1
3.628056250E-1,7.575683594E-1,3.431296539E1,-4.173652649E1
3.728606250E-1,6.934852600E-1,3.414833832E1,-4.202136230E1
3.829156250E-1,7.114868164E-1,3.433090210E1,-4.217855835E1
3.929706250E-1,6.262588501E-1,3.435836792E1,-4.188850403E1
4.030256250E-1,9.203796387E-1,3.445742035E1,-4.219926453E1
4.130806250E-1,1.013660431E0,3.440816498E1,-4.219544983E1
4.231356250E-1,1.080860138E0,3.462475586E1,-4.214242554E1
4.331906250E-1,7.559928894E-1,3.449816132E1,-4.182804871E1
4.432456250E-1,8.862495422E-1,3.462508392E1,-4.179953003E1
4.533006250E-1,8.067169189E-1,3.460147858E1,-4.193191528E1
4.633556250E-1,9.464569092E-1,3.459548950E1,-4.180349731E1
4.734106250E-1,9.832038879E-1,3.441537476E1,-4.194815063E1
4.834656250E-1,9.823341370E-1,3.450837708E1,-4.194107056E1
4.935206250E-1,1.058475494E0,3.442528534E1,-4.204183960E1
5.035756250E-1,1.082733154E0,3.462474823E1,-4.208135986E1
5.136306250E-1,8.831596375E-1,3.441679382E1,-4.163217163E1
5.236856250E-1,8.881340027E-1,3.417337799E1,-4.202542114E1
5.337406250E-1,9.455375671E-1,3.438163757E1,-4.201315308E1
5.437956250E-1,8.766555786E-1,3.428387451E1,-4.187156677E1
5.538506250E-1,1.096744537E0,3.433125305E1,-4.164028931E1
5.639056250E-1,1.011383057E0,3.425201416E1,-4.193043518E1
5.739606250E-1,8.242988586E-1,3.451640320E1,-4.174908447E1
5.840156250E-1,5.992126465E-1,3.441665649E1,-4.187803650E1
5.940706250E-1,6.657295227E-1,3.459367371E1,-4.199430847E1
6.041246250E-1,8.600463867E-1,3.461698914E1,-4.176823425E1
6.141796250E-1,7.335128784E-1,3.459396362E1,-4.181961060E1
6.242346250E-1,8.980484009E-1,3.449572754E1,-4.173027039E1
6.342896250E-1,1.044029236E0,3.458955383E1,-4.193104553E1
6.443446250E-1,1.222930908E0,3.475347137E1,-4.185739136E1
6.543996250E-1,1.172996521E0,3.464125824E1,-4.181225586E1
6.644546250E-1,1.011844635E0,3.443452454E1,-4.193475342E1
6.745096250E-1,1.021091461E0,3.433724213E1,-4.207287598E1
6.845646250E-1,1.086730957E0,3.455793762E1,-4.170072937E1
6.946196250E-1,1.161293030E0,3.446096039E1,-4.167785645E1
7.046746250E-1,1.287494659E0,3.457771301E1,-4.200814819E1
7.147296250E-1,1.193729401E0,3.473603821E1,-4.163560486E1
7.247846250E-1,1.126663208E0,3.445568085E1,-4.180076599E1
7.348396250E-1,9.462928772E-1,3.442743683E1,-4.196759033E1
7.448946250E-1,1.051273346E0,3.454322815E1,-4.229643250E1
7.549496250E-1,1.008060455E0,3.439952850E1,-4.215722656E1
7.650046250E-1,9.911117554E-1,3.456453705E1,-4.211053467E1
7.750596250E-1,1.031208038E0,3.425634766E1,-4.205078125E1
7.851146250E-1,9.354782104E-1,3.438355255E1,-4.174479675E1
7.951696250E-1,9.045219421E-1,3.457746887E1,-4.214086914E1
8.052246250E-1,8.949012756E-1,3.449082947E1,-4.206193542E1
8.152796250E-1,8.986358643E-1,3.448445129E1,-4.198704529E1
8.253346250E-1,9.444122314E-1,3.463780212E1,-4.194702148E1
8.353896250E-1,1.082504272E0,3.447136688E1,-4.186653137E1
8.454446250E-1,1.123466492E0,3.455297089E1,-4.183335876E1
8.554996250E-1,1.002376556E0,3.441522980E1,-4.195814514E1
8.655546250E-1,7.746772766E-1,3.439636230E1,-4.196421814E1
8.756096250E-1,8.126029968E-1,3.454946136E1,-4.192926025E1
8.856646250E-1,1.073734283E0,3.446424866E1,-4.197196960E1
8.957196250E-1,9.815940857E-1,3.445352173E1,-4.170947266E1
9.057746250E-1,1.326175690E0,3.434759521E1,-4.181239319E1
9.158286250E-1,1.214618683E0,3.459184265E1,-4.191702271E1
9.258836250E-1,1.267139435E0,3.450778961E1,-4.219073486E1
9.359386250E-1,1.544952393E0,3.432560730E1,-4.222785950E1
9.459936250E-1,1.511478424E0,3.430550385E1,-4.239682007E1
9.560486250E-1,1.483112335E0,3.422309113E1,-4.196492004E1
9.661036250E-1,1.470298767E0,3.437452698E1,-4.217437744E1
9.761586250E-1,1.543041229E0,3.436878204E1,-4.194070435E1
9.862136250E-1,1.534328461E0,3.443333435E1,-4.212104797E1
9.962686250E-1,1.625289917E0,3.464297485E1,-4.186509705E1
1.006323625E0,1.667648315E0,3.481551361E1,-4.178414917E1
1.016378625E0,1.703819275E0,3.487416840E1,-4.174859619E1
1.026433625E0,1.971687317E0,3.494541931E1,-4.175283813E1
1.036488625E0,2.144226074E0,3.511294556E1,-4.155442810E1
1.046543625E0,2.361820221E0,3.528662872E1,-4.155236816E1
1.056598625E0,2.259071350E0,3.522676086E1,-4.146859741E1
1.066653625E0,2.383689880E0,3.524592590E1,-4.099247742E1
1.076708625E0,2.383689880E0,3.524592590E1,-4.099247742E1
1.086763625E0,2.666534424E0,3.539931488E1,-4.083831787E1
1.096818625E0,3.291065216E0,3.533384705E1,-4.086027527E1
1.106873625E0,4.049400330E0,3.572370911E1,-4.129377747E1
1.116928375E0,4.772880554E0,3.591864777E1,-4.076992798E1
1.126983375E0,5.985626221E0,3.605143738E1,-4.032711792E1
1.137038375E0,7.383808136E0,3.647633362E1,-3.947064209E1
1.147093375E0,8.645839691E0,3.679226685E1,-3.887290955E1
1.157148375E0,1.020486832E1,3.728873444E1,-3.810523987E1
1.167203375E0,1.170151901E1,3.751689148E1,-3.712850952E1
1.177258375E0,1.375576401E1,3.792633057E1,-3.638073730E1
1.187313375E0,1.563086700E1,3.803057098E1,-3.530688477E1
1.197368375E0,1.760248184E1,3.814775085E1,-3.390283203E1
1.207422375E0,1.996029663E1,3.824665833E1,-3.266160583E1
1.217477375E0,2.218302917E1,3.814916992E1,-3.122195435E1
1.227532375E0,2.470722580E1,3.805477142E1,-3.021867371E1
1.237587375E0,2.692446899E1,3.787306976E1,-2.841152954E1
1.247642375E0,2.902978706E1,3.748183441E1,-2.654823303E1
1.257697375E0,3.105420494E1,3.685166931E1,-2.458691406E1
1.267752375E0,3.312944794E1,3.643048859E1,-2.300520325E1
1.277807375E0,3.512266541E1,3.574152374E1,-2.117845154E1
1.287862375E0,3.695706177E1,3.497421265E1,-1.993267822E1
1.297917375E0,3.883292389E1,3.427320099E1,-1.822665405E1
1.307972375E0,4.003451538E1,3.325907898E1,-1.674432373E1
1.318027375E0,4.140733719E1,3.219718170E1,-1.546511841E1
1.328082375E0,4.259397507E1,3.124189758E1,-1.420051575E1
1.338137375E0,4.393874359E1,3.045156097E1,-1.326051331E1
1.348192375E0,4.483887482E1,2.968485260E1,-1.164086914E1
1.358247375E0,4.565690994E1,2.903247833E1,-1.036853027E1
1.368302375E0,4.667779541E1,2.831491852E1,-9.063461304E0
1.378357375E0,4.726171112E1,2.753527069E1,-8.044021606E0
1.388412375E0,4.765666199E1,2.695033264E1,-6.901809692E0
1.398467375E0,4.822272491E1,2.631365967E1,-6.209228516E0
1.408522375E0,4.858250427E1,2.573869324E1,-5.856262207E0
1.418577375E0,4.929399109E1,2.484850311E1,-5.677978516E0
1.428632375E0,4.957351303E1,2.406497192E1,-5.920242310E0
1.438687375E0,5.011584854E1,2.302691650E1,-6.012008667E0
1.448742375E0,5.038625336E1,2.214848328E1,-6.276519775E0
1.458797375E0,5.104900742E1,2.143482971E1,-7.123687744E0
1.468852375E0,5.126338196E1,2.027863312E1,-7.919097900E0
1.478907375E0,5.139072418E1,1.948142242E1,-8.576400757E0
1.488962375E0,5.163011169E1,1.828817749E1,-9.314956665E0
1.499017375E0,5.185529327E1,1.704992294E1,-1.087547302E1
1.509072375E0,5.203971863E1,1.580027390E1,-1.145828247E1
1.519126375E0,5.229396820E1,1.434491348E1,-1.253962708E1
1.529181375E0,5.238027954E1,1.309910202E1,-1.302333069E1
1.539236375E0,5.239799118E1,1.134656525E1,-1.411575317E1
1.549291375E0,5.258094025E1,9.363910675E0,-1.487835693E1
1.559346375E0,5.256988144E1,7.536952972E0,-1.580688477E1
1.569401375E0,5.266719437E1,5.273414612E0,-1.668637085E1
1.579456375E0,5.248802185E1,3.199893951E0,-1.726017761E1
1.589511375E0,5.252079773E1,1.035816193E0,-1.817005920E1
1.599566375E0,5.224614716E1,-1.184333801E0,-1.935520935E1
1.609621375E0,5.169076157E1,-3.548610687E0,-2.056822205E1
1.619676375E0,5.061920166E1,-5.631134033E0,-2.140647888E1
1.629731375E0,4.974504471E1,-8.070278168E0,-2.268739319E1
1.639786375E0,4.882582092E1,-1.051496124E1,-2.401028442E1
1.649841375E0,4.744060898E1,-1.291468430E1,-2.502049255E1
1.659896375E0,4.599790573E1,-1.546994591E1,-2.711199951E1
1.669951375E0,4.414053345E1,-1.774938583E1,-2.850860596E1
1.680006375E0,4.245913696E1,-1.979030800E1,-2.994790649E1
1.690061375E0,4.068444061E1,-2.134949875E1,-3.078305054E1
1.700116375E0,3.895153809E1,-2.315595627E1,-3.187448120E1
1.710171375E0,3.723811340E1,-2.505718613E1,-3.248526001E1
1.720226375E0,3.568232727E1,-2.626817703E1,-3.299270630E1
1.730281375E0,3.413083267E1,-2.768616104E1,-3.342149353E1
1.740336375E0,3.274453735E1,-2.897344971E1,-3.379983521E1
1.750391375E0,3.145714378E1,-3.001414871E1,-3.393995667E1
1.760446375E0,3.030789948E1,-3.098322296E1,-3.433056641E1
1.770501375E0,2.914648247E1,-3.168560791E1,-3.476550293E1
1.780556375E0,2.782759666E1,-3.240907669E1,-3.542855835E1
1.790611375E0,2.678004456E1,-3.277621078E1,-3.559741211E1
1.800665375E0,2.533119202E1,-3.333518982E1,-3.603800964E1
1.810720375E0,2.425246811E1,-3.364727783E1,-3.613890076E1
1.820775375E0,2.334503937E1,-3.372635269E1,-3.653118896E1
1.830830375E0,2.239314270E1,-3.442524719E1,-3.680746460E1
1.840885375E0,2.160902023E1,-3.478436279E1,-3.676698303E1
1.850940375E0,2.090823364E1,-3.492299652E1,-3.688555908E1
1.860995375E0,2.053043747E1,-3.518223572E1,-3.678254700E1
1.871050375E0,2.000212097E1,-3.542370605E1,-3.701930237E1
1.881105375E0,1.933536530E1,-3.558873367E1,-3.719889832E1
1.891160375E0,1.892936707E1,-3.545110321E1,-3.737872314E1
1.901215375E0,1.842745590E1,-3.528131104E1,-3.726068115E1
1.911270375E0,1.825571060E1,-3.497620773E1,-3.774374390E1
1.921325375E0,1.812105179E1,-3.475421143E1,-3.809922791E1
1.931380375E0,1.779965591E1,-3.455587769E1,-3.838809204E1
1.941435375E0,1.819662857E1,-3.441349030E1,-3.830242920E1
1.951490375E0,1.813128662E1,-3.375807953E1,-3.804739380E1
1.961545375E0,1.822481918E1,-3.374438477E1,-3.818753052E1
1.971600375E0,1.829281235E1,-3.319501495E1,-3.847193909E1
1.981655375E0,1.851279831E1,-3.252602386E1,-3.894967651E1
1.991710375E0,1.887806702E1,-3.205923843E1,-3.917434692E1
2.001765375E0,1.909616470E1,-3.159395218E1,-3.950679016E1
2.011820375E0,1.945582581E1,-3.140146828E1,-3.934814453E1
2.021875375E0,1.982496643E1,-3.116788101E1,-3.893711853E1
2.031930375E0,1.993325806E1,-3.071285629E1,-3.943397522E1
2.041985375E0,2.024562454E1,-3.020314789E1,-3.909022522E1
2.052040375E0,2.042676544E1,-2.985672379E1,-3.889041138E1
2.062095375E0,2.068156815E1,-2.906565094E1,-3.884622192E1
2.072150375E0,2.080822754E1,-2.849862480E1,-3.895022583E1
2.082205375E0,2.093287277E1,-2.798678589E1,-3.897248840E1
2.092259375E0,2.123125839E1,-2.731205750E1,-3.921975708E1
2.102314375E0,2.135597992E1,-2.709801674E1,-3.926824951E1
2.112369375E0,2.160270309E1,-2.677726555E1,-3.905387878E1
2.122425125E0,2.181526566E1,-2.639076424E1,-3.922482300E1
2.132480125E0,2.175622559E1,-2.606287956E1,-3.891685486E1
2.142535125E0,2.242271805E1,-2.583055496E1,-3.877534485E1
2.152590125E0,2.255867004E1,-2.506863785E1,-3.852319336E1
2.162645125E0,2.255922318E1,-2.486010742E1,-3.881498718E1
2.172700125E0,2.280004501E1,-2.469548416E1,-3.850923157E1
2.182755125E0,2.283328247E1,-2.417088127E1,-3.829389954E1
2.192810125E0,2.288591385E1,-2.370431137E1,-3.825088501E1
2.202865125E0,2.271577835E1,-2.331894684E1,-3.804382324E1
2.212920125E0,2.291468048E1,-2.311468124E1,-3.777490234E1
2.222975125E0,2.291507339E1,-2.285547256E1,-3.749757385E1
2.233030125E0,2.260069656E1,-2.259381294E1,-3.734709167E1
2.243085125E0,2.279762268E1,-2.219829178E1,-3.664683533E1
2.253140125E0,2.283206940E1,-2.175605965E1,-3.595829773E1
2.263195125E0,2.272697067E1,-2.153710556E1,-3.547943115E1
2.273250125E0,2.250368118E1,-2.095350647E1,-3.461114502E1
2.283305125E0,2.245219421E1,-2.036722946E1,-3.381140137E1
2.293360125E0,2.231155777E1,-1.951119995E1,-3.323457336E1
2.303415125E0,2.206880951E1,-1.874548721E1,-3.305989075E1
2.313470125E0,2.157854080E1,-1.793727493E1,-3.203439331E1
2.323525125E0,2.104962921E1,-1.730398178E1,-3.162559509E1
2.333580125E0,2.087211227E1,-1.657647705E1,-3.127935791E1
2.343635125E0,2.050561523E1,-1.562357712E1,-3.090841675E1
2.353690125E0,2.017815018E1,-1.482553291E1,-3.074960327E1
2.363745125E0,1.959795761E1,-1.369390297E1,-3.000558472E1
2.373800125E0,1.899459457E1,-1.273567963E1,-3.041044617E1
2.383854125E0,1.851131821E1,-1.165549469E1,-3.046199036E1
2.393909125E0,1.812649536E1,-1.042105484E1,-3.062461853E1
2.403964125E0,1.794423676E1,-9.235290527E0,-3.114878845E1
2.414019125E0,1.736752319E1,-7.953514099E0,-3.223728943E1
2.424074125E0,1.664017487E1,-6.665138245E0,-3.392971802E1
2.434129125E0,1.593231583E1,-5.014644623E0,-3.540928650E1
2.444184125E0,1.521688461E1,-3.298271179E0,-3.754183960E1
2.454239125E0,1.351120377E1,-3.179283142E-1,-3.931494141E1
2.464294125E0,1.066352081E1,4.452224731E0,-4.180879211E1
2.474349125E0,4.898719788E0,1.228675079E1,-4.464765930E1
2.484404125E0,-5.278629303E0,2.186092377E1,-5.217555237E1
2.494459125E0,-9.209350586E0,2.654428101E1,-5.518820190E1
2.504514125E0,-9.531433105E0,2.553633118E1,-5.598348999E1
2.514569125E0,-1.012405396E1,2.528676605E1,-5.653059387E1
2.524624125E0,-1.027982330E1,2.574976349E1,-5.635421753E1
2.534679125E0,-1.030382538E1,2.558657837E1,-5.645719910E1
2.544734125E0,-1.041941833E1,2.552742767E1,-5.642283630E1
2.554789125E0,-1.063477325E1,2.549076843E1,-5.640133667E1
2.564844125E0,-1.060449219E1,2.553043365E1,-5.656240845E1
2.574899125E0,-1.053978729E1,2.575531006E1,-5.650378418E1
2.584954125E0,-1.060992432E1,2.563719940E1,-5.670005798E1
2.595009125E0,-1.066219330E1,2.555249786E1,-5.655467224E1
2.605064125E0,-1.055783844E1,2.553988647E1,-5.624423218E1
2.615119125E0,-1.066935730E1,2.555197144E1,-5.628770447E1
2.625174125E0,-1.065256500E1,2.537243652E1,-5.639179993E1
2.635229125E0,-1.068837738E1,2.549555969E1,-5.654342651E1
2.645284125E0,-1.054048920E1,2.549342346E1,-5.653633118E1
2.655339125E0,-1.051112366E1,2.534723663E1,-5.663571167E1
2.665394125E0,-1.086034393E1,2.541014099E1,-5.641444397E1
2.675448125E0,-1.107466888E1,2.544916534E1,-5.642553711E1
2.685503125E0,-1.091194153E1,2.542622375E1,-5.674850464E1
2.695558125E0,-1.079316711E1,2.544710541E1,-5.661808777E1
2.705613125E0,-1.067578125E1,2.543069458E1,-5.660932922E1
2.715668125E0,-1.088000488E1,2.507918549E1,-5.674986267E1
2.725723125E0,-1.095271301E1,2.508984375E1,-5.675302124E1
2.735778125E0,-1.099147034E1,2.510160828E1,-5.681953430E1
2.745833125E0,-1.083943939E1,2.507297516E1,-5.669166565E1
2.755888125E0,-1.083264160E1,2.535433960E1,-5.683670044E1
2.765943125E0,-1.097131348E1,2.523756409E1,-5.654573059E1
2.775998125E0,-1.079051971E1,2.513048553E1,-5.653550720E1
2.786053125E0,-1.088442230E1,2.519594574E1,-5.684042358E1
2.796108125E0,-1.102020264E1,2.521447754E1,-5.664222717E1
2.806163125E0,-1.108594513E1,2.540473175E1,-5.654762268E1
2.816218125E0,-1.112168121E1,2.549771881E1,-5.687188721E1
2.826273125E0,-1.097344208E1,2.548458099E1,-5.655706787E1
2.836328125E0,-1.100147247E1,2.548143005E1,-5.682812500E1
2.846383125E0,-1.097174835E1,2.541313171E1,-5.696168518E1
2.856438125E0,-1.085321045E1,2.518530273E1,-5.653494263E1
2.866493125E0,-1.111439514E1,2.545157623E1,-5.684625244E1
2.876548125E0,-1.097488403E1,2.525789642E1,-5.671884155E1
2.886603125E0,-1.096927643E1,2.542186737E1,-5.655262756E1
2.896658125E0,-1.097905731E1,2.528904724E1,-5.648962402E1
2.906713125E0,-1.070467377E1,2.522162628E1,-5.633676147E1
2.916768125E0,-1.068549347E1,2.530474854E1,-5.645693970E1
2.926823125E0,-1.090123749E1,2.524609375E1,-5.638812256E1
2.936878125E0,-1.092910767E1,2.512228394E1,-5.651280212E1
2.946933125E0,-1.085300446E1,2.524371338E1,-5.645297241E1
2.956988125E0,-1.092091370E1,2.522171021E1,-5.642617798E1
2.967042125E0,-1.093830109E1,2.535421753E1,-5.668800354E1
2.977097125E0,-1.081213379E1,2.543469238E1,-5.652461243E1
2.987152125E0,-1.066344452E1,2.537517548E1,-5.642921448E1
2.997207125E0,-1.086340332E1,2.526219940E1,-5.666120911E1
3.007262125E0,-1.100685883E1,2.523719788E1,-5.657955933E1
3.017317125E0,-1.104809570E1,2.537336731E1,-5.651367188E1
3.027372125E0,-1.097054291E1,2.509961700E1,-5.628367615E1
3.037427125E0,-1.100320435E1,2.517897797E1,-5.653855896E1
3.047482125E0,-1.083918762E1,2.535492706E1,-5.639698792E1
3.057537125E0,-1.071640778E1,2.544758606E1,-5.633679199E1
3.067592125E0,-1.068617249E1,2.534582520E1,-5.642218018E1
3.077647125E0,-1.096071625E1,2.520531464E1,-5.620455933E1
3.087702125E0,-1.080426025E1,2.525535583E1,-5.659439087E1
3.097757125E0,-1.106591034E1,2.528385925E1,-5.665083313E1
3.107812125E0,-1.124166107E1,2.504754639E1,-5.634959412E1
3.117867250E0,-1.099076080E1,2.505506897E1,-5.612240601E1
3.127922250E0,-1.105679321E1,2.536474609E1,-5.651101685E1
3.137977250E0,-1.098042297E1,2.510404205E1,-5.622679138E1
3.148032250E0,-1.090874481E1,2.527409363E1,-5.646012878E1
3.158087250E0,-1.092271423E1,2.514239502E1,-5.611709595E1
3.168142250E0,-1.104488373E1,2.515225220E1,-5.639952087E1
3.178197250E0,-1.109079742E1,2.510892487E1,-5.626922607E1
3.188252250E0,-1.087874603E1,2.521624756E1,-5.639976501E1
3.198307250E0,-1.092707825E1,2.501438141E1,-5.658511353E1
3.208362250E0,-1.077207947E1,2.531053925E1,-5.638423157E1
3.218417250E0,-1.067448425E1,2.514813995E1,-5.653283691E1
3.228472250E0,-1.079941559E1,2.514224243E1,-5.665873718E1
3.238526250E0,-1.068168640E1,2.505144501E1,-5.656129456E1
3.248582250E0,-1.066748810E1,2.525730133E1,-5.663844299E1
3.258636250E0,-1.091146851E1,2.504962921E1,-5.677339172E1
3.268691250E0,-1.098298645E1,2.533600616E1,-5.660151672E1
3.278746250E0,-1.092543030E1,2.515090179E1,-5.676678467E1
3.288801250E0,-1.103215790E1,2.508904266E1,-5.647566223E1
3.298856250E0,-1.094450378E1,2.512787628E1,-5.635569763E1
3.308911250E0,-1.086277008E1,2.520870209E1,-5.655471802E1
3.318966250E0,-1.077997589E1,2.517934418E1,-5.614146423E1
3.329021250E0,-1.087953186E1,2.532501221E1,-5.634248352E1
3.339076250E0,-1.094648743E1,2.535700989E1,-5.660745239E1
3.349131250E0,-1.088073730E1,2.531847382E1,-5.683876038E1
3.359186250E0,-1.092984009E1,2.542547607E1,-5.650146484E1
3.369241250E0,-1.081449890E1,2.537474823E1,-5.640422058E1
3.379296250E0,-1.089512634E1,2.525862885E1,-5.668196106E1
3.389351250E0,-1.071256256E1,2.522023010E1,-5.656794739E1
3.399406250E0,-1.091576385E1,2.523155975E1,-5.649459839E1
3.409461250E0,-1.080442047E1,2.530637360E1,-5.657519531E1
3.419516250E0,-1.087168121E1,2.543370056E1,-5.685769653E1
3.429571250E0,-1.093927002E1,2.537440491E1,-5.693093872E1
3.439626250E0,-1.092375183E1,2.507574463E1,-5.684677124E1
3.449681250E0,-1.107796478E1,2.507736206E1,-5.687773132E1
3.459736250E0,-1.096028900E1,2.507073975E1,-5.658874512E1
3.469791250E0,-1.097006989E1,2.517311096E1,-5.654595947E1
3.479846250E0,-1.110284424E1,2.525498962E1,-5.636154175E1
3.489901250E0,-1.115921021E1,2.540448761E1,-5.606352234E1
3.499956250E0,-1.108517456E1,2.524350739E1,-5.635740662E1
3.510011250E0,-1.109664917E1,2.522263336E1,-5.681513977E1
3.520066250E0,-1.113954163E1,2.525888062E1,-5.674620056E1
3.530120250E0,-1.125457764E1,2.518742371E1,-5.678384399E1
3.540175250E0,-1.096823120E1,2.507173920E1,-5.655703735E1
3.550230250E0,-1.097103882E1,2.497011566E1,-5.614494324E1
3.560285250E0,-1.083769226E1,2.504917145E1,-5.657899475E1
3.570340250E0,-1.085184479E1,2.499301147E1,-5.658343506E1
3.580395250E0,-1.097927094E1,2.518154907E1,-5.671427917E1
3.590450250E0,-1.106444550E1,2.503870392E1,-5.693594360E1
3.600505250E0,-1.107532501E1,2.527635956E1,-5.723884583E1
3.610560250E0,-1.091123962E1,2.514673615E1,-5.692984009E1
3.620615250E0,-1.095560455E1,2.525835419E1,-5.655133057E1
3.630670250E0,-1.081496429E1,2.530762482E1,-5.680502319E1
3.640725250E0,-1.085028076E1,2.507889557E1,-5.631452942E1
3.650780250E0,-1.096018982E1,2.532028961E1,-5.638255310E1
3.660835250E0,-1.075193787E1,2.526663971E1,-5.661036682E1
3.670890250E0,-1.071624756E1,2.532792664E1,-5.672267151E1
3.680945250E0,-1.052713013E1,2.521743774E1,-5.643218994E1
3.691000250E0,-1.052713013E1,2.521743774E1,-5.643218994E1
3.701055250E0,-1.052713013E1,2.521743774E1,-5.643218994E1
3.711110250E0,-1.052713013E1,2.521743774E1,-5.643218994E1
3.721165250E0,-1.074407959E1,2.551927948E1,-5.640617371E1
3.731220250E0,-1.086053467E1,2.580664062E1,-5.667240906E1
3.741275250E0,-1.088526154E1,2.584360504E1,-5.676306152E1
3.751330250E0,-1.098035431E1,2.574552917E1,-5.683366394E1
3.761385250E0,-1.097634888E1,2.560787964E1,-5.680296326E1
3.771440250E0,-1.092977905E1,2.558370972E1,-5.677290344E1
3.781495250E0,-1.105948639E1,2.565512085E1,-5.682325745E1
3.791549250E0,-1.108854675E1,2.563984680E1,-5.676783752E1
3.801604250E0,-1.125373077E1,2.575003052E1,-5.668627930E1
3.811659250E0,-1.126967621E1,2.576660919E1,-5.667634583E1
3.821714250E0,-1.115159607E1,2.579376221E1,-5.661251831E1
3.831769250E0,-1.108446503E1,2.567491150E1,-5.663743591E1
3.841824250E0,-1.099205780E1,2.549221802E1,-5.674430847E1
3.851879250E0,-1.092706299E1,2.544029999E1,-5.681677246E1
3.861934250E0,-1.094226074E1,2.564588928E1,-5.682496643E1
3.871989250E0,-1.095581055E1,2.567877960E1,-5.671299744E1
3.882044250E0,-1.085203552E1,2.582794952E1,-5.647207642E1
3.892099250E0,-1.082374573E1,2.581822968E1,-5.653477478E1
3.902154250E0,-1.080045319E1,2.571597290E1,-5.657287598E1
3.912209250E0,-1.089588165E1,2.559647369E1,-5.670335388E1
3.922264250E0,-1.096405029E1,2.565817261E1,-5.677632141E1
3.932319250E0,-1.097875977E1,2.583861542E1,-5.678695679E1
3.942374250E0,-1.097106171E1,2.574809265E1,-5.677502441E1
3.952429250E0,-1.090776062E1,2.570228577E1,-5.677062988E1
3.962484250E0,-1.094689178E1,2.566178894E1,-5.684190369E1
3.972539250E0,-1.098051453E1,2.563323212E1,-5.680014038E1
3.982594250E0,-1.101442719E1,2.558580780E1,-5.684506226E1
3.992649250E0,-1.099015808E1,2.572612762E1,-5.681501770E1
4.002704250E0,-1.106971741E1,2.578703308E1,-5.671594238E1
4.012759250E0,-1.123284149E1,2.575210571E1,-5.673989868E1
4.022814250E0,-1.115880585E1,2.578794098E1,-5.670046997E1
4.032869250E0,-1.098931122E1,2.565443420E1,-5.661770630E1
4.042924250E0,-1.107862854E1,2.566844177E1,-5.673141479E1
4.052978250E0,-1.110755920E1,2.560585022E1,-5.680828857E1
4.063033250E0,-1.122210693E1,2.556252289E1,-5.689137268E1
4.073088250E0,-1.117640686E1,2.558713531E1,-5.679612732E1
4.083143250E0,-1.121394348E1,2.557313538E1,-5.696052551E1
4.093198250E0,-1.128967285E1,2.569497681E1,-5.688725281E1
4.103253250E0,-1.117918396E1,2.579623413E1,-5.668502808E1
4.113308250E0,-1.124407196E1,2.573440552E1,-5.679376221E1
4.123362125E0,-1.113066864E1,2.572480011E1,-5.681594849E1
4.133417125E0,-1.114022064E1,2.563691711E1,-5.685632324E1
4.143472125E0,-1.114638519E1,2.565587616E1,-5.670075989E1
4.153527125E0,-1.097822571E1,2.564167023E1,-5.661177063E1
4.163582125E0,-1.092737579E1,2.567811584E1,-5.665615845E1
4.173637125E0,-1.098165894E1,2.564857483E1,-5.665896606E1
4.183692125E0,-1.097812653E1,2.561109161E1,-5.669258118E1
4.193747125E0,-1.082355499E1,2.567039490E1,-5.676753235E1
4.203802125E0,-1.079251862E1,2.559716034E1,-5.680229187E1
4.213857125E0,-1.085414886E1,2.562116241E1,-5.679420471E1
4.223912125E0,-1.086984253E1,2.560956573E1,-5.690116882E1
4.233967125E0,-1.086627960E1,2.571867371E1,-5.692243958E1
4.244022125E0,-1.081773376E1,2.580406189E1,-5.692953491E1
4.254077125E0,-1.085377502E1,2.583219147E1,-5.683540344E1
4.264132125E0,-1.086724091E1,2.583191681E1,-5.669134521E1
4.274187125E0,-1.091407013E1,2.589153290E1,-5.662886047E1
4.284242125E0,-1.092352295E1,2.591128540E1,-5.669160461E1
4.294297125E0,-1.093010712E1,2.581826019E1,-5.671804810E1
4.304352125E0,-1.100224304E1,2.569641876E1,-5.664883423E1
4.314407125E0,-1.103054047E1,2.550818634E1,-5.678294373E1
4.324461125E0,-1.092485046E1,2.549816895E1,-5.691348267E1
4.334516125E0,-1.095633698E1,2.557804108E1,-5.699845886E1
4.344571125E0,-1.080174255E1,2.552321625E1,-5.698817444E1
4.354626125E0,-1.090278625E1,2.554183197E1,-5.699678040E1
4.364681125E0,-1.085103607E1,2.551443481E1,-5.700108337E1
4.374736125E0,-1.080992889E1,2.564331055E1,-5.680944824E1
4.384791125E0,-1.084968567E1,2.567276001E1,-5.676068115E1
4.394846125E0,-1.080664825E1,2.555283356E1,-5.679771423E1
4.404901125E0,-1.083053589E1,2.546392059E1,-5.680329895E1
4.414956125E0,-1.094637299E1,2.549112701E1,-5.696430969E1
4.425011125E0,-1.095153809E1,2.550322723E1,-5.676971436E1
4.435066125E0,-1.108731842E1,2.546570587E1,-5.656665039E1
4.445121125E0,-1.112805939E1,2.560728455E1,-5.659083557E1
4.455176125E0,-1.111759949E1,2.560504913E1,-5.679241943E1
4.465231125E0,-1.114098358E1,2.564208221E1,-5.665498352E1
4.475286125E0,-1.104602814E1,2.566759491E1,-5.667686462E1
4.485341125E0,-1.102030945E1,2.564902496E1,-5.681127930E1
4.495396125E0,-1.088221741E1,2.559879303E1,-5.692634583E1
4.505451125E0,-1.082374573E1,2.562477875E1,-5.695320129E1
4.515506125E0,-1.087440491E1,2.559311676E1,-5.705218506E1
4.525561125E0,-1.094841766E1,2.571877289E1,-5.709841919E1
4.535616125E0,-1.099324799E1,2.577408600E1,-5.712947083E1
4.545671125E0,-1.109226990E1,2.564867401E1,-5.716128540E1
4.555726125E0,-1.104911041E1,2.567365265E1,-5.705018616E1
4.565781125E0,-1.104563141E1,2.553157806E1,-5.683860779E1
4.575835125E0,-1.104532623E1,2.539721680E1,-5.677459717E1
4.585890125E0,-1.106802368E1,2.538961029E1,-5.666195679E1
4.595945125E0,-1.110536194E1,2.542337036E1,-5.680096436E1
4.606000125E0,-1.097423553E1,2.542765808E1,-5.679469299E1
4.616055125E0,-1.090973663E1,2.532439423E1,-5.675135803E1
4.626110125E0,-1.091744232E1,2.534937286E1,-5.686408997E1
4.636165125E0,-1.095438385E1,2.544313812E1,-5.697872925E1
4.646220125E0,-1.092392731E1,2.548443604E1,-5.695001221E1
4.656275125E0,-1.098976898E1,2.552417755E1,-5.700711060E1
4.666330125E0,-1.091027832E1,2.545325470E1,-5.693649292E1
4.676385125E0,-1.093048859E1,2.550855255E1,-5.686720276E1
4.686440125E0,-1.097544098E1,2.538627625E1,-5.686367798E1
4.696495125E0,-1.092308044E1,2.541767120E1,-5.670379639E1
4.706550125E0,-1.088867950E1,2.549262238E1,-5.659724426E1
4.716605125E0,-1.086161041E1,2.539015198E1,-5.639720154E1
4.726660125E0,-1.084407806E1,2.532125092E1,-5.643438721E1
4.736715125E0,-1.083034515E1,2.538744354E1,-5.657658386E1
4.746770125E0,-1.083328247E1,2.551261139E1,-5.663430786E1
4.756825125E0,-1.083517456E1,2.552151489E1,-5.663635254E1
4.766880125E0,-1.080619812E1,2.554654694E1,-5.650685120E1
4.776935125E0,-1.089248657E1,2.557336426E1,-5.644956970E1
4.786990125E0,-1.093148041E1,2.556935883E1,-5.653067017E1
4.797045125E0,-1.100106049E1,2.552510834E1,-5.659965515E1
4.807100125E0,-1.089962769E1,2.544919586E1,-5.658721924E1
4.817155125E0,-1.089962769E1,2.544919586E1,-5.658721924E1
4.827209125E0,-1.081226349E1,2.540717316E1,-5.659797668E1
4.837264125E0,-1.085607910E1,2.537070465E1,-5.657461548E1
4.847319125E0,-1.078732300E1,2.539968109E1,-5.661164856E1
4.857374125E0,-1.083644104E1,2.546786499E1,-5.655375671E1
4.867429125E0,-1.071446991E1,2.546857452E1,-5.645831299E1
4.877484125E0,-1.072931671E1,2.544967651E1,-5.660108948E1
4.887539125E0,-1.053446960E1,2.553041840E1,-5.664266968E1
4.897594125E0,-1.054755402E1,2.546730042E1,-5.662066650E1
4.907649125E0,-1.057649994E1,2.550965118E1,-5.659637451E1
4.917704125E0,-1.051398468E1,2.552942657E1,-5.677006531E1
4.927759125E0,-1.059312439E1,2.551211548E1,-5.681553650E1
4.937814125E0,-1.079457092E1,2.553615570E1,-5.697355652E1
4.947869125E0,-1.087213135E1,2.549006653E1,-5.692033386E1
4.957924125E0,-1.080998993E1,2.548575592E1,-5.692451477E1
4.967979125E0,-1.078391266E1,2.546807861E1,-5.684552002E1
4.978034125E0,-1.093225098E1,2.546311188E1,-5.679299927E1
4.988089125E0,-1.084715271E1,2.548043060E1,-5.684469604E1
4.998144125E0,-1.068067932E1,2.550971222E1,-5.681591797E1
5.008199125E0,-1.075257874E1,2.538587952E1,-5.677719116E1
5.018254125E0,-1.079035187E1,2.541699219E1,-5.683457947E1
5.028309125E0,-1.084217834E1,2.542598724E1,-5.667901611E1
5.038364125E0,-1.080404663E1,2.541893005E1,-5.673234558E1
5.048419125E0,-1.085187531E1,2.543099976E1,-5.673873901E1
5.058474125E0,-1.068959045E1,2.542740631E1,-5.662796021E1
5.068529125E0,-1.063293457E1,2.543027496E1,-5.679110718E1
5.078584125E0,-1.069279480E1,2.548038483E1,-5.691113281E1
5.088639125E0,-1.054840088E1,2.552388000E1,-5.699807739E1
5.098693125E0,-1.061475372E1,2.546582031E1,-5.681295776E1
5.108748125E0,-1.063880157E1,2.562400055E1,-5.699661255E1
5.118803500E0,-1.066076660E1,2.564524078E1,-5.711822510E1
5.128858500E0,-1.070710754E1,2.555691528E1,-5.697424316E1
5.138913500E0,-1.075608063E1,2.547603607E1,-5.679847717E1
5.148968500E0,-1.075158691E1,2.544934082E1,-5.685449219E1
5.159023500E0,-1.069245911E1,2.547937012E1,-5.685345459E1
5.169078500E0,-1.076311493E1,2.543994141E1,-5.680572510E1
5.179133500E0,-1.078126526E1,2.537590790E1,-5.682322693E1
5.189188500E0,-1.081031799E1,2.531743622E1,-5.686741638E1
5.199243500E0,-1.083827209E1,2.537938690E1,-5.681132507E1
5.209298500E0,-1.075801086E1,2.529280853E1,-5.674920654E1
5.219353500E0,-1.075828552E1,2.526288605E1,-5.681349182E1
5.229408500E0,-1.088202667E1,2.521943665E1,-5.679769897E1
5.239463500E0,-1.082302856E1,2.514361572E1,-5.680355835E1
5.249518500E0,-1.083157349E1,2.506126404E1,-5.664103699E1
5.259573500E0,-1.078311157E1,2.507807159E1,-5.690876770E1
5.269628500E0,-1.084616852E1,2.512805939E1,-5.681204224E1
5.279683500E0,-1.080884552E1,2.521091461E1,-5.678413391E1
5.289738500E0,-1.079409027E1,2.525967407E1,-5.670787048E1
5.299793500E0,-1.086350250E1,2.504541779E1,-5.629052734E1
5.309848500E0,-1.078469849E1,2.522032928E1,-5.597706604E1
5.319903500E0,-1.091927338E1,2.521685028E1,-5.636480713E1
5.329958500E0,-1.069541931E1,2.517606354E1,-5.644966125E1
5.340012500E0,-1.070359039E1,2.507861328E1,-5.644570923E1
5.350067500E0,-1.080931091E1,2.505035400E1,-5.662963867E1
5.360122500E0,-1.077332306E1,2.493023682E1,-5.651759338E1
5.370177500E0,-1.066395569E1,2.502622986E1,-5.671926880E1
5.380232500E0,-1.060955811E1,2.526815033E1,-5.709559631E1
5.390287500E0,-1.065877533E1,2.502502441E1,-5.661187744E1
5.400342500E0,-1.063307953E1,2.512028503E1,-5.669866943E1
5.410397500E0,-1.066909027E1,2.501712036E1,-5.654101562E1
5.420452500E0,-1.072180176E1,2.513803864E1,-5.654582214E1
5.430507500E0,-1.063536072E1,2.515097046E1,-5.638179016E1
5.440562500E0,-1.051219940E1,2.529553986E1,-5.644340515E1
5.450617500E0,-1.096540833E1,2.525917053E1,-5.652677917E1
5.460672500E0,-1.106506348E1,2.507391357E1,-5.658163452E1
5.470727500E0,-1.077052307E1,2.500302887E1,-5.650798035E1
5.480782500E0,-1.082244873E1,2.492121124E1,-5.667491150E1
5.490837500E0,-1.066163635E1,2.487899017E1,-5.678538513E1
5.500892500E0,-1.079573059E1,2.471512604E1,-5.668095398E1
5.510947500E0,-1.088004303E1,2.486908722E1,-5.641624451E1
5.521002500E0,-1.088558960E1,2.475579834E1,-5.670385742E1
5.531057500E0,-1.068812561E1,2.467526245E1,-5.690174866E1
5.541112500E0,-1.064893341E1,2.475533295E1,-5.665281677E1
5.551167500E0,-1.084680939E1,2.469608307E1,-5.651510620E1
5.561222500E0,-1.096383667E1,2.463906097E1,-5.658511353E1
5.571277500E0,-1.104833221E1,2.460511780E1,-5.640467834E1
5.581332500E0,-1.100234222E1,2.484674072E1,-5.640780640E1
5.591387500E0,-1.092646790E1,2.464590454E1,-5.646968079E1
5.601441500E0,-1.094317627E1,2.466255188E1,-5.677148438E1
5.611496500E0,-1.078903961E1,2.467364502E1,-5.667089844E1
5.621551500E0,-1.066159821E1,2.465430450E1,-5.694450378E1
5.631606500E0,-1.078074646E1,2.470761108E1,-5.667028809E1
5.641661500E0,-1.052954102E1,2.485092926E1,-5.674397278E1
5.651716500E0,-1.058874512E1,2.474504089E1,-5.699848938E1
5.661771500E0,-1.048732758E1,2.463422394E1,-5.665251160E1
5.671826500E0,-1.053221130E1,2.476879883E1,-5.648199463E1
5.681881500E0,-1.075521088E1,2.488074493E1,-5.643525696E1
5.691936500E0,-1.052925110E1,2.490595245E1,-5.653585815E1
5.701991500E0,-1.043107605E1,2.478336334E1,-5.686331177E1
5.712046500E0,-1.032308960E1,2.492102814E1,-5.697413635E1
5.722101500E0,-1.033395386E1,2.495716858E1,-5.657966614E1
5.732156500E0,-1.045692444E1,2.473197937E1,-5.637031555E1
5.742211500E0,-1.017023468E1,2.479119873E1,-5.638725281E1
5.752266500E0,-1.007977295E1,2.472560120E1,-5.639677429E1
5.762321500E0,-9.944343567E0,2.474595642E1,-5.635116577E1
5.772376500E0,-1.016090393E1,2.499983215E1,-5.623106384E1
5.782431500E0,-1.017946625E1,2.514259338E1,-5.580072021E1
5.792486500E0,-1.027220917E1,2.530616760E1,-5.585775757E1
5.802541500E0,-1.018191528E1,2.499398041E1,-5.579325867E1
5.812596500E0,-1.017377472E1,2.514578247E1,-5.565748596E1
5.822651500E0,-1.028050995E1,2.533734894E1,-5.557853699E1
5.832706500E0,-1.040663147E1,2.534091187E1,-5.542871094E1
5.842761500E0,-9.926269531E0,2.517126465E1,-5.496179199E1
5.852815500E0,-9.455314636E0,2.529089355E1,-5.423156738E1
5.862870500E0,-9.647384644E0,2.521419525E1,-5.266235352E1
5.872925500E0,-9.763359070E0,2.509899139E1,-5.012013245E1
5.882980500E0,-1.011141205E1,2.481755066E1,-4.495816040E1
5.893035500E0,-8.770286560E0,2.355604553E1,-3.743554688E1
5.903090500E0,-5.899093628E0,2.026764679E1,-2.851696777E1
5.913145500E0,-1.436119080E0,1.566558838E1,-1.968275452E1
5.923200500E0,4.034778595E0,1.085012817E1,-1.266581726E1
5.933255500E0,9.532630920E0,6.675842285E0,-7.565292358E0
5.943310500E0,1.515676880E1,3.035568237E0,-3.964508057E0
5.953365500E0,2.019147110E1,2.753944397E-1,-2.604614258E0
5.963420500E0,2.443038177E1,-2.079265594E0,-1.432952881E0
5.973475500E0,2.776000023E1,-4.320320129E0,-1.484939575E0
5.983530500E0,3.073353958E1,-5.992897034E0,-1.478729248E0
5.993585500E0,3.309487915E1,-6.629764557E0,-1.500457764E0
6.003640500E0,3.522623444E1,-6.406211853E0,-1.762695312E0
6.013695500E0,3.725839996E1,-5.378368378E0,-2.108184814E0
6.023750500E0,3.878204346E1,-4.643146515E0,-2.228225708E0
6.033805500E0,4.020605087E1,-4.094875336E0,-2.777786255E0
6.043860500E0,4.190507889E1,-4.149883270E0,-3.889114380E0
6.053915500E0,4.305017853E1,-4.484100342E0,-5.289947510E0
6.063970500E0,4.402872086E1,-5.004161835E0,-7.039993286E0
6.074025500E0,4.510141754E1,-5.460037231E0,-8.901458740E0
6.084080500E0,4.569597626E1,-6.212673187E0,-1.085417175E1
6.094135500E0,4.608724976E1,-6.968784332E0,-1.264097595E1
6.104189500E0,4.594677734E1,-7.668083191E0,-1.390646362E1
6.114244500E0,4.619883347E1,-8.136287689E0,-1.560755920E1
6.124300250E0,4.601383972E1,-8.694709778E0,-1.684642029E1
6.134355250E0,4.577012253E1,-9.050827026E0,-1.861441040E1
6.144410250E0,4.549888992E1,-9.693351746E0,-1.991513062E1
6.154465250E0,4.521804810E1,-9.842086792E0,-2.129904175E1
6.164520250E0,4.452795410E1,-1.043585205E1,-2.288285828E1
6.174575250E0,4.385926819E1,-1.055063248E1,-2.432646179E1
6.184630250E0,4.318945694E1,-1.053192139E1,-2.634678650E1
6.194685250E0,4.221045685E1,-1.073060226E1,-2.824020386E1
6.204740250E0,4.148925781E1,-1.064837646E1,-2.969245911E1
6.214795250E0,4.040156174E1,-1.046612167E1,-3.130282593E1
6.224850250E0,3.953049469E1,-9.892730713E0,-3.273844910E1
6.234905250E0,3.835340118E1,-9.295310974E0,-3.447154236E1
6.244960250E0,3.712295151E1,-8.525466919E0,-3.618061829E1
6.255015250E0,3.611926651E1,-7.789249420E0,-3.797926331E1
6.265070250E0,3.501929474E1,-6.461132050E0,-3.944145203E1
6.275125250E0,3.373557281E1,-5.313449860E0,-4.067384338E1
6.285180250E0,3.225166321E1,-3.826633453E0,-4.240644836E1
6.295235250E0,3.104199219E1,-2.055130005E0,-4.364915466E1
6.305290250E0,2.971660995E1,-5.265197754E-1,-4.447387695E1
6.315345250E0,2.823523140E1,1.234130859E0,-4.555525208E1
6.325400250E0,2.678775406E1,3.030662537E0,-4.674943542E1
6.335455250E0,2.495162201E1,4.936042786E0,-4.746893311E1
6.345510250E0,2.333168793E1,6.665119171E0,-4.832440186E1
6.355565250E0,2.188597488E1,8.258502960E0,-4.871774292E1
6.365619250E0,2.023211670E1,9.534591675E0,-4.951335144E1
6.375674250E0,1.872446060E1,1.100731277E1,-4.986273193E1
6.385729250E0,1.726961136E1,1.250127411E1,-5.010267639E1
6.395784250E0,1.576810837E1,1.372414398E1,-4.996435547E1
6.405839250E0,1.460152435E1,1.512107086E1,-5.022283936E1
6.415894250E0,1.357167816E1,1.581426239E1,-5.042845154E1
6.425949250E0,1.275150681E1,1.674288940E1,-5.027963257E1
6.436004250E0,1.168058014E1,1.764855576E1,-5.081907654E1
6.446059250E0,1.062682724E1,1.853355026E1,-5.069015503E1
6.456114250E0,9.538990021E0,1.923397827E1,-5.072943115E1
6.466169250E0,8.406009674E0,2.015541840E1,-5.020060730E1
6.476224250E0,7.525592804E0,2.104006958E1,-5.000386047E1
6.486279250E0,6.823490143E0,2.202833557E1,-5.003556824E1
6.496334250E0,6.167278290E0,2.281369781E1,-4.996485901E1
6.506389250E0,5.520503998E0,2.393946075E1,-4.959931946E1
6.516444250E0,5.110877991E0,2.483655548E1,-4.905543518E1
6.526499250E0,4.633270264E0,2.594238281E1,-4.822332764E1
6.536554250E0,4.318065643E0,2.711541748E1,-4.799855042E1
6.546609250E0,4.029293060E0,2.782584381E1,-4.748678589E1
6.556664250E0,3.861164093E0,2.838610077E1,-4.705044556E1
6.566719250E0,3.368057251E0,2.887373352E1,-4.697023010E1
6.576774250E0,3.120738983E0,2.917189026E1,-4.656451416E1
6.586829250E0,2.807838440E0,2.971656799E1,-4.582586670E1
6.596884250E0,2.613620758E0,3.023302460E1,-4.585859680E1
6.606939250E0,2.560058594E0,3.064994812E1,-4.559268188E1
6.616994250E0,2.500373840E0,3.086906433E1,-4.516880798E1
6.627048250E0,2.352340698E0,3.108625031E1,-4.467927551E1
6.637103250E0,2.172798157E0,3.137145996E1,-4.475161743E1
6.647158250E0,2.476383209E0,3.168103790E1,-4.442671204E1
6.657213250E0,2.247737885E0,3.208821106E1,-4.394474792E1
6.667268250E0,2.031150818E0,3.246134186E1,-4.371580505E1
6.677323250E0,1.789512634E0,3.267053223E1,-4.348753357E1
6.687378250E0,1.911052704E0,3.311999512E1,-4.329020691E1
6.697433250E0,1.982845306E0,3.354621887E1,-4.310110474E1
6.707488250E0,2.086009979E0,3.383758545E1,-4.283955383E1
6.717543250E0,2.040870667E0,3.401258087E1,-4.305256653E1
6.727598250E0,2.368919373E0,3.428885651E1,-4.262187195E1
6.737653250E0,2.416763306E0,3.449769592E1,-4.252612305E1
6.747708250E0,2.372646332E0,3.413746643E1,-4.249261475E1
6.757763250E0,2.615020752E0,3.448686218E1,-4.205041504E1
6.767818250E0,3.054985046E0,3.467825317E1,-4.149514771E1
6.777873250E0,3.130641937E0,3.497681427E1,-4.131791687E1
6.787928250E0,2.954181671E0,3.536711884E1,-4.077386475E1
6.797983250E0,2.827667236E0,3.538833618E1,-4.075140381E1
6.808038250E0,2.787380219E0,3.570870209E1,-4.067962646E1
6.818093250E0,2.791023254E0,3.568066406E1,-4.082141113E1
6.828148250E0,2.807876587E0,3.558461761E1,-4.123287964E1
6.838203250E0,2.879589081E0,3.571575928E1,-4.111053467E1
6.848258250E0,2.862819672E0,3.575260162E1,-4.095164490E1
6.858313250E0,2.891208649E0,3.554492188E1,-4.078669739E1
6.868368250E0,2.878570557E0,3.525086975E1,-4.077229309E1
6.878423250E0,2.469104767E0,3.541875458E1,-4.095356750E1
6.888477250E0,2.530727386E0,3.540581512E1,-4.128524780E1
6.898532250E0,2.262779236E0,3.548354340E1,-4.117546082E1
6.908587250E0,2.175331116E0,3.542475891E1,-4.107334900E1
6.918642250E0,1.995990753E0,3.523466492E1,-4.124217224E1
6.928697250E0,1.555107117E0,3.490666199E1,-4.141796875E1
6.938752250E0,1.176681519E0,3.492101288E1,-4.198266602E1
6.948807250E0,1.028949738E0,3.453833771E1,-4.211416626E1
6.958862250E0,1.131080627E0,3.446942902E1,-4.225509644E1
6.968917250E0,1.795440674E0,3.433093262E1,-4.195120239E1
6.978972250E0,1.885635376E0,3.407529449E1,-4.181333923E1
6.989027250E0,1.809700012E0,3.425420380E1,-4.181811523E1
6.999082250E0,1.574527740E0,3.431300354E1,-4.213943481E1
7.009137250E0,1.519218445E0,3.427111816E1,-4.187681580E1
7.019192250E0,1.753204346E0,3.439299774E1,-4.233355713E1
7.029247250E0,1.741138458E0,3.407250977E1,-4.223620605E1
7.039302250E0,1.947269440E0,3.418313599E1,-4.234046936E1
7.049357250E0,1.784832001E0,3.405038452E1,-4.235026550E1
7.059412250E0,1.863292694E0,3.402335358E1,-4.206088257E1
7.069467250E0,1.869163513E0,3.418505859E1,-4.223269653E1
7.079522250E0,1.578941345E0,3.419987488E1,-4.166104126E1
7.089577250E0,1.561203003E0,3.411746979E1,-4.255712891E1
7.099632250E0,1.327102661E0,3.419441223E1,-4.256198120E1
7.109687250E0,1.708457947E0,3.410205078E1,-4.227522278E1
7.119741875E0,1.721511841E0,3.408242035E1,-4.195626831E1
7.129796875E0,1.943164825E0,3.397628784E1,-4.176052856E1
7.139851875E0,1.551326752E0,3.404270935E1,-4.184097290E1
7.149906875E0,1.546337128E0,3.404049683E1,-4.217747498E1
7.159960875E0,1.651893616E0,3.390749359E1,-4.229608154E1
7.170015875E0,1.623390198E0,3.408420563E1,-4.217742920E1
7.180070875E0,1.570198059E0,3.424618530E1,-4.191090393E1
7.190125875E0,1.845249176E0,3.421495819E1,-4.179193115E1
7.200180875E0,2.041160583E0,3.393488312E1,-4.216390991E1
7.210235875E0,1.896118164E0,3.410003662E1,-4.224234009E1
7.220290875E0,1.892826080E0,3.413268280E1,-4.218870544E1
7.230345875E0,1.771224976E0,3.407575989E1,-4.201136780E1
7.240400875E0,1.768543243E0,3.435263062E1,-4.233973694E1
7.250455875E0,1.831008911E0,3.427618408E1,-4.203175354E1
7.260510875E0,1.728347778E0,3.425968933E1,-4.218283081E1
7.270565875E0,2.010169983E0,3.410311127E1,-4.232295227E1
7.280620875E0,1.822349548E0,3.412104797E1,-4.217610168E1
7.290675875E0,1.942241669E0,3.422848511E1,-4.224458313E1
7.300730875E0,1.839889526E0,3.435782623E1,-4.209587097E1
7.310785875E0,1.775173187E0,3.417093658E1,-4.232244873E1
7.320840875E0,1.852584839E0,3.425226593E1,-4.215017700E1
7.330895875E0,1.742839813E0,3.402500916E1,-4.224584961E1
7.340950875E0,1.584217072E0,3.412010956E1,-4.220326233E1
7.351005875E0,1.669189453E0,3.435989380E1,-4.226559448E1
7.361060875E0,1.673355103E0,3.446892548E1,-4.219975281E1
7.371115875E0,1.730834961E0,3.436038971E1,-4.272100830E1
7.381170875E0,1.554416656E0,3.450527954E1,-4.208959961E1
7.391225875E0,1.728942871E0,3.466682434E1,-4.250363159E1
7.401280875E0,1.824638367E0,3.452967834E1,-4.231336975E1
7.411335875E0,1.728981018E0,3.449039459E1,-4.226173401E1
7.421390875E0,1.614536285E0,3.446142578E1,-4.256820679E1
7.431445875E0,1.763191223E0,3.449145508E1,-4.252330017E1
7.441499875E0,1.552764893E0,3.440589905E1,-4.266267395E1
7.451554875E0,1.842819214E0,3.436481476E1,-4.290509033E1
7.461609875E0,2.021736145E0,3.418058014E1,-4.295651245E1
7.471664875E0,1.937038422E0,3.425958252E1,-4.283860779E1
7.481719875E0,2.049667358E0,3.430057526E1,-4.264144897E1
7.491774875E0,1.666370392E0,3.429286194E1,-4.260609436E1
7.501829875E0,1.892070770E0,3.430413055E1,-4.260823059E1
7.511884875E0,1.803573608E0,3.422022247E1,-4.250041199E1
7.521939875E0,1.974620819E0,3.427120209E1,-4.232519531E1
7.531994875E0,1.736747742E0,3.422043610E1,-4.216725159E1
7.542049875E0,1.692012787E0,3.421446991E1,-4.256922913E1
7.552104875E0,1.529022217E0,3.423842621E1,-4.276673889E1
7.562159875E0,1.699195862E0,3.425762177E1,-4.254200745E1
7.572214875E0,1.867717743E0,3.412046051E1,-4.237654114E1
7.582269875E0,1.811595917E0,3.437663269E1,-4.261740112E1
7.592324875E0,2.099460602E0,3.439350891E1,-4.264967346E1
7.602379875E0,1.947414398E0,3.411045837E1,-4.251438904E1
7.612434875E0,1.906379700E0,3.422235107E1,-4.227922058E1
7.622489875E0,1.909652710E0,3.439800262E1,-4.241331482E1
7.632544875E0,2.218242645E0,3.423178101E1,-4.233781433E1
7.642599875E0,1.861515045E0,3.435542297E1,-4.267984009E1
7.652654875E0,2.005477905E0,3.444661713E1,-4.275573730E1
7.662709875E0,2.094470978E0,3.428663635E1,-4.253659058E1
7.672764875E0,2.005378723E0,3.422292328E1,-4.248446655E1
7.682819875E0,2.071956635E0,3.432698059E1,-4.244294739E1
7.692874875E0,2.035888672E0,3.429584503E1,-4.254679871E1
7.702929875E0,2.198554993E0,3.433222198E1,-4.250344849E1
7.712984875E0,2.097602844E0,3.442606354E1,-4.213560486E1
7.723038875E0,2.093006134E0,3.431571960E1,-4.253425598E1
7.733093875E0,2.093772888E0,3.431194305E1,-4.222361755E1
7.743148875E0,1.831058502E0,3.440612793E1,-4.238929749E1
7.753203875E0,2.009330750E0,3.426353455E1,-4.260728455E1
7.763258875E0,2.176322937E0,3.427654266E1,-4.253976440E1
7.773313875E0,1.936138153E0,3.446288300E1,-4.226565552E1
7.783368875E0,1.859527588E0,3.446142578E1,-4.201989746E1
7.793423875E0,2.046348572E0,3.444441986E1,-4.222909546E1
7.803478875E0,1.961105347E0,3.423625946E1,-4.189758301E1
7.813533875E0,2.201393127E0,3.421508789E1,-4.233480835E1
7.823588875E0,1.979122162E0,3.424418640E1,-4.237437439E1
7.833643875E0,2.043960571E0,3.411451721E1,-4.264805603E1
7.843698875E0,2.045505524E0,3.415103149E1,-4.242158508E1
7.853753875E0,2.014537811E0,3.419415283E1,-4.232437134E1
7.863808875E0,2.087051392E0,3.426693726E1,-4.232260132E1
7.873863875E0,2.265403748E0,3.424512482E1,-4.243936157E1
7.883918875E0,2.150161743E0,3.424282837E1,-4.242976379E1
7.893973875E0,1.991012573E0,3.423502350E1,-4.267689514E1
7.904028875E0,2.071796417E0,3.418958282E1,-4.243521118E1
7.914083875E0,2.196788788E0,3.410847473E1,-4.231564331E1
7.924138875E0,2.127841949E0,3.400987244E1,-4.231207275E1
7.934193875E0,2.065055847E0,3.417568970E1,-4.219749451E1
7.944248875E0,2.302883148E0,3.435289001E1,-4.204849243E1
7.954303875E0,2.024044037E0,3.407321930E1,-4.213964844E1
7.964358875E0,2.056571960E0,3.432960510E1,-4.225737000E1
7.974413875E0,2.070644379E0,3.436746979E1,-4.183645630E1
7.984468875E0,1.697368622E0,3.422271729E1,-4.205284119E1
7.994523875E0,2.000820160E0,3.429557037E1,-4.217210388E1
8.004578875E0,1.934490204E0,3.441592407E1,-4.236471558E1
8.014632875E0,1.854614258E0,3.435903168E1,-4.186056519E1
8.024687875E0,1.895118713E0,3.451032257E1,-4.207420349E1
8.034742875E0,2.003711700E0,3.421868896E1,-4.227520752E1
8.044797875E0,1.878868103E0,3.435911560E1,-4.205714417E1
8.054852875E0,1.988136292E0,3.443719482E1,-4.219465637E1
8.064907875E0,1.916526794E0,3.430626678E1,-4.184730530E1
8.074962875E0,1.951446533E0,3.441811371E1,-4.156451416E1
8.085017875E0,1.970226288E0,3.444643402E1,-4.198730469E1
8.095072875E0,1.970397949E0,3.423400116E1,-4.200575256E1
8.105127875E0,1.928245544E0,3.438865662E1,-4.221543884E1
8.115182875E0,1.930854797E0,3.439205933E1,-4.205456543E1
8.125237250E0,1.875541687E0,3.432313538E1,-4.205880737E1
8.135292250E0,2.006488800E0,3.406279755E1,-4.225550842E1
8.145347250E0,2.162208557E0,3.432099152E1,-4.180009460E1
8.155402250E0,2.146118164E0,3.436240387E1,-4.193058777E1
8.165457250E0,1.996368408E0,3.433702087E1,-4.184469604E1
8.175512250E0,1.923126221E0,3.420487213E1,-4.187394714E1
8.185567250E0,2.058349609E0,3.408897400E1,-4.205593872E1
8.195622250E0,1.906799316E0,3.437899017E1,-4.225170898E1
8.205677250E0,1.708866119E0,3.433445740E1,-4.215969849E1
8.215732250E0,1.813781738E0,3.428321838E1,-4.219386292E1
8.225787250E0,1.787467957E0,3.429186249E1,-4.212847900E1
8.235842250E0,1.987327576E0,3.424191284E1,-4.225341797E1
8.245897250E0,1.904617310E0,3.427959442E1,-4.209049988E1
8.255952250E0,1.777343750E0,3.412990570E1,-4.200201416E1
8.266007250E0,1.702465057E0,3.427219391E1,-4.202316284E1
8.276062250E0,1.744968414E0,3.417524719E1,-4.205413818E1
8.286117250E0,1.842548370E0,3.419979858E1,-4.200970459E1
8.296172250E0,1.868671417E0,3.424061584E1,-4.227708435E1
8.306227250E0,1.718425751E0,3.424361420E1,-4.208644104E1